,dip_ct,dip_pkt_size_ct
203.77.126.180,1354,521953
203.77.42.244,1,40
203.77.125.33,2907,4336356
163.33.95.40,93,130045
203.77.107.167,5246,178118
150.75.227.238,1,44
163.33.198.149,11,440
133.149.96.49,1,40
203.77.101.186,1,40
163.33.234.94,21145,31707364
203.77.126.80,2314,121397
163.33.245.92,1,48
163.33.218.34,1,40
202.198.0.156,458,575936
133.149.233.197,1,40
133.11.98.40,1,48
133.149.106.186,1,44
150.75.62.28,73,4319
150.75.172.248,1,44
163.33.195.212,1,40
163.33.247.247,533,272213
203.77.116.218,2882,151750
163.33.195.138,146,212846
150.75.243.124,1,44
163.33.140.10,18,2184
163.33.187.130,1,40
163.33.3.127,1,40
163.33.141.49,59,50245
133.149.146.75,1,40
163.33.93.78,395,560444
203.77.116.213,772,379244
202.25.109.121,137,97962
203.77.112.24,10,722
163.33.151.250,1,40
133.11.70.133,62,3496
150.75.117.69,1,40
133.11.70.143,67,6543
163.33.103.43,1,44
150.75.108.250,1,40
150.75.63.125,56,3358
163.33.247.186,1,40
133.149.161.40,1,40
202.204.60.245,836,980301
163.33.238.251,20,1004
163.33.143.9,2040,3002880
133.149.2.182,1,44
163.33.236.93,48,12548
150.75.62.11,83,4735
202.204.56.134,141,9222
163.33.83.145,1,40
163.33.151.122,1,40
163.33.216.225,35,25768
163.33.93.70,16,2637
163.33.209.129,5,200
163.33.246.171,2,80
133.149.160.197,2,80
163.33.140.65,1,115
203.77.116.225,1,40
163.33.95.253,86,56500
150.75.75.195,1,40
203.77.113.246,58,11571
133.149.122.45,1,40
203.77.31.191,1,44
150.75.102.8,1,44
133.11.70.149,76,7778
150.75.0.214,1,40
203.77.122.57,37,3019
150.75.4.42,1,40
133.11.70.136,67,6994
163.33.43.32,1,40
133.11.70.150,62,6312
150.75.39.184,1,40
150.75.79.71,1,40
133.11.92.195,1,40
202.198.44.179,2724,3535539
150.75.35.56,1,40
163.33.177.127,1,40
202.198.50.199,1,60
133.11.70.140,66,6909
133.11.69.194,75,4140
202.198.44.138,58,8022
133.149.57.25,1,40
203.77.120.28,4,192
163.33.152.199,1,40
163.33.246.156,396,226275
150.75.63.99,83,4606
203.77.127.57,8,433
163.33.12.182,14,1432
203.77.99.182,1,40
150.75.0.50,1,40
202.204.62.238,9,774
150.75.113.241,1,40
150.75.66.171,1,44
133.149.117.119,1,40
203.77.32.162,1,40
163.33.174.9,1,40
163.33.92.5,1,180
133.11.79.196,1,52
150.75.188.94,2,80
150.75.4.1,1,40
133.149.176.104,1,40
150.75.4.47,1,40
133.11.70.79,1,48
133.149.45.68,1,40
150.75.180.31,1,40
163.33.251.87,46,64034
202.198.33.138,1,44
133.149.198.42,1,40
133.11.70.141,120,12016
203.77.119.180,1,168
133.149.188.112,1,40
133.149.95.173,1,44
203.77.113.192,19,1720
163.33.205.211,1,44
133.149.10.51,2,80
133.149.222.10,1,40
150.75.155.2,1,40
133.149.133.188,1,52
133.149.146.49,1,52
133.149.222.218,1,40
133.11.70.195,60,3384
133.11.70.147,138,14136
163.33.93.148,7,1527
133.149.215.158,1,40
163.33.228.161,7,1420
133.149.132.217,1,40
163.33.104.60,1,40
203.77.115.33,85,8492
133.149.24.18,1,44
133.149.101.113,1,40
133.11.70.134,159,16005
163.33.203.33,17,1294
202.204.56.129,98,9851
203.77.118.202,185,14060
150.75.17.194,1,40
150.75.31.248,1,40
203.77.120.158,16,1029
163.33.109.235,1,44
150.75.19.243,1,44
133.149.175.203,1,40
150.75.35.88,1,40
133.11.92.134,1,40
203.77.120.249,74,32034
133.11.86.135,1,40
203.77.69.59,2,80
163.33.149.226,1,40
133.149.70.42,1,40
150.75.226.194,1,40
133.149.118.37,2,80
163.33.92.232,19,13047
163.33.141.221,10,2180
150.75.206.220,1,40
150.75.192.107,1,40
133.11.70.151,178,18831
163.33.204.214,1,40
163.33.244.8,2,844
150.75.113.222,1,40
133.149.119.112,1,40
202.204.58.105,1,152
150.75.140.144,1,40
133.11.70.131,80,8305
133.149.190.55,1,40
163.33.98.19,1,40
133.11.114.75,1,40
163.33.104.22,23,9602
133.11.65.213,1,40
133.149.181.12,1,40
163.33.95.22,94,103960
133.11.70.144,68,7001
202.198.15.163,2,256
203.77.99.153,1,44
150.75.157.152,1,44
150.75.20.194,1,40
203.77.122.74,3,348
202.198.32.222,1,60
133.149.152.78,1,40
203.77.81.235,3,132
150.75.21.171,1,40
150.75.252.145,1,40
163.33.140.123,29,18033
202.198.32.16,2,80
133.11.92.98,1,92
150.75.203.135,1,44
202.204.56.154,5,728
163.33.186.232,1,44
163.33.220.103,1,40
150.75.72.138,1,44
133.11.82.163,1,40
133.149.18.160,1,40
203.77.31.142,1,40
163.33.67.165,1,40
203.77.124.67,3,252
163.33.254.181,3,182
133.149.55.29,1,40
163.33.139.5,1,40
163.33.226.226,1,68
163.33.58.246,1,40
133.149.60.140,1,40
203.77.109.165,6,2227
203.77.118.184,15,776
163.33.93.225,74,6110
133.11.69.148,56,3139
163.33.63.175,6,1114
163.33.66.126,1,40
133.149.70.172,1,40
163.33.121.234,2,80
150.75.237.32,1,40
163.33.11.22,1,40
133.149.191.178,1,40
150.75.83.37,1,52
163.33.226.144,1,40
133.149.53.139,1,40
133.11.70.154,30,2937
133.11.70.130,104,10782
203.77.36.17,1,40
150.75.99.143,1,40
133.149.195.214,1,40
133.149.208.175,1,40
133.11.70.197,4,348
163.33.140.143,16,832
133.149.213.204,1,40
150.75.29.99,1,44
163.33.143.19,2,515
133.149.144.153,1,40
150.75.124.188,6,348
133.149.134.5,1,40
133.11.70.129,47,4399
133.11.99.110,1,40
150.75.53.194,1,40
203.77.104.156,1,40
133.149.193.132,1,40
150.75.62.7,1,40
133.149.214.239,10,780
133.11.108.180,2,84
203.77.124.13,1,40
202.204.60.85,19,3163
203.77.82.180,1,40
133.149.225.107,1,44
150.75.196.76,1,44
133.11.81.68,1,48
133.149.114.191,1,40
203.77.40.238,1,60
150.75.26.169,1,40
133.149.177.170,1,40
202.204.56.143,160,5760
163.33.243.224,1,40
133.149.24.214,2,80
203.77.38.5,1,40
133.149.42.202,1,40
133.11.73.72,1,40
133.11.70.145,106,10831
203.77.32.5,1,40
163.33.244.88,1,40
163.33.107.53,1,44
163.33.92.211,4,314
203.77.45.247,1,40
163.33.137.120,1,40
150.75.149.128,1,40
133.11.70.153,27,2574
163.33.63.169,3,629
150.75.66.107,1,52
163.33.83.97,1,40
163.33.254.25,6,790
150.75.163.188,1,40
133.11.70.137,119,12312
150.75.37.197,1,40
163.33.202.71,1,40
202.204.61.97,1,44
163.33.235.6,14,5602
133.11.106.45,1,40
150.75.145.128,1,40
163.33.140.177,1,52
150.75.99.118,1,40
150.75.58.125,1,52
133.11.70.139,72,7555
163.33.94.130,14,724
133.149.56.41,1,121
163.33.94.67,16,1806
150.75.92.105,1,40
133.149.22.239,1,44
150.75.175.162,1,44
163.33.2.195,4,336
163.33.206.253,1,40
203.77.0.74,1,40
133.149.167.213,1,40
163.33.216.129,2,90
203.77.115.43,23,3304
133.149.111.83,1,40
163.33.62.172,3,336
203.77.48.255,1,40
203.77.43.117,1,40
163.33.66.119,1,40
133.11.70.152,90,9240
163.33.99.241,1,40
150.75.209.180,1,40
203.77.121.134,6,4866
150.75.34.58,1,40
163.33.4.159,1,40
163.33.233.197,4,470
150.75.187.126,1,52
133.11.70.157,179,18039
203.77.90.131,1,40
150.75.176.36,1,40
150.75.144.44,1,44
163.33.9.17,1,40
133.11.70.155,136,13997
163.33.93.236,1,207
163.33.78.214,1,40
133.149.195.65,1,40
163.33.93.135,40,7556
133.11.70.132,102,10741
133.11.87.161,1,52
150.75.49.136,1,40
163.33.0.138,1,44
202.198.54.54,1,40
163.33.84.159,1,40
150.75.88.148,1,40
202.198.20.199,1,40
163.33.202.30,1,40
163.33.202.10,1,40
150.75.240.143,1,40
163.33.251.62,28,4162
133.149.63.247,1,40
133.149.99.56,1,52
150.75.247.51,1,40
163.33.164.96,1,40
150.75.44.200,1,44
163.33.198.146,352,474966
202.198.60.128,1,44
133.149.59.28,1,40
133.11.74.150,2,80
163.33.141.111,184,247796
133.149.20.240,1,40
150.75.147.34,1,40
133.11.76.230,1,40
163.33.162.39,1,40
133.11.125.30,1,44
133.149.251.147,1,40
133.149.180.110,1,40
133.11.78.148,1,40
133.11.98.224,1,52
150.75.108.215,1,40
163.33.18.147,20,800
133.149.177.206,1,40
203.77.53.198,1,40
133.149.151.69,1,44
133.149.61.91,1,40
203.77.47.230,1,40
150.75.148.189,1,52
202.198.15.223,3,316
163.33.249.217,16,2075
163.33.93.49,50,26403
203.77.37.127,1,40
203.77.100.206,1,40
133.11.88.39,1,40
163.33.191.103,27,5377
150.75.40.65,1,44
133.149.124.173,1,44
133.11.79.192,1,52
163.33.95.100,15,1401
163.33.36.219,1,52
133.149.237.136,1,40
203.77.115.34,10,1053
203.77.121.97,3,324
202.25.109.140,1,40
163.33.122.236,1,40
202.198.46.20,1,40
203.77.100.139,1,40
163.33.36.68,17,884
133.149.237.176,1,40
203.77.34.207,1,40
133.149.133.128,1,40
163.33.133.204,1,40
202.198.54.66,1,40
133.149.35.54,1,40
133.149.202.68,1,40
133.149.103.190,1,40
163.33.131.45,1,40
133.149.159.240,1,40
133.11.120.235,1,40
133.11.70.93,1,60
203.77.43.62,1,40
202.198.34.119,1,44
163.33.201.199,7,336
203.77.124.54,1,40
163.33.197.252,1,40
150.75.120.151,1,40
203.77.127.81,4,336
203.77.43.61,1,40
163.33.99.210,1,52
150.75.169.220,1,40
133.149.153.231,1,44
133.149.239.173,1,44
163.33.78.149,1,40
133.149.237.144,1,40
163.33.242.156,1,44
202.204.56.183,9,1260
203.77.8.7,1,40
133.149.94.56,1,40
163.33.198.107,1,40
133.149.180.30,1,40
133.149.136.74,1,40
133.11.102.222,1,40
133.149.133.33,1,40
163.33.86.112,1,44
163.33.122.124,1,40
163.33.199.28,1,40
163.33.108.168,1,44
133.149.198.185,1,40
163.33.211.167,1,40
150.75.9.112,1,40
150.75.113.245,1,40
203.77.33.134,1,40
163.33.231.61,1,44
203.77.125.154,71,43745
163.33.62.135,8,959
163.33.17.171,1,40
163.33.62.132,5,492
163.33.50.224,1,40
133.11.64.4,1,40
203.77.117.72,1,84
133.11.65.25,1,40
163.33.120.78,1,40
203.77.11.171,1,44
133.149.48.234,1,40
150.75.108.233,1,40
202.198.9.207,1,40
150.75.189.201,1,44
133.11.70.158,81,8482
133.149.170.215,1,40
133.11.73.135,1,40
163.33.26.177,1,40
133.149.241.2,1,40
163.33.235.214,28,34583
133.149.207.84,1,40
133.149.26.156,1,40
203.77.87.172,1,40
133.149.240.156,1,40
163.33.89.204,1,40
163.33.65.64,1,40
133.149.33.233,1,40
150.75.89.107,1,40
203.77.38.176,1,40
203.77.75.99,1,40
133.149.2.192,1,40
163.33.146.172,1,109
133.11.107.160,5,240
150.75.110.19,1,40
163.33.223.2,1,40
163.33.245.55,7,4227
133.11.92.32,1,125
163.33.247.143,14,728
203.77.56.92,1,40
150.75.197.117,1,40
133.149.35.111,1,40
150.75.20.18,1,40
163.33.239.47,27,20959
133.149.55.104,2,84
203.77.88.230,1,40
133.149.53.123,1,40
163.33.19.183,16,1660
163.33.70.32,1,44
163.33.94.90,1,40
163.33.203.79,13,4662
150.75.245.116,1,40
150.75.17.156,1,40
133.149.172.254,6,288
202.204.60.12,53,8497
150.75.69.10,1,48
133.149.219.180,3,120
202.204.56.155,1,52
150.75.225.183,1,44
203.77.21.233,1,44
163.33.241.142,1,40
203.77.22.214,9,360
150.75.159.87,1,40
203.77.107.80,1,40
150.75.254.249,1,40
163.33.239.83,22,4116
133.149.139.241,1,44
133.149.158.60,1,40
202.204.59.235,1,78
163.33.101.228,1,40
133.11.116.201,1,40
203.77.1.71,1,40
163.33.140.12,2,274
202.198.40.128,1,40
150.75.42.119,1,40
202.198.44.248,13,8195
163.33.248.109,1,40
163.33.247.209,63,15794
163.33.235.129,1,103
163.33.95.69,3,564
163.33.230.225,1,40
150.75.168.197,1,40
163.33.171.158,1,40
163.33.219.128,1,40
133.11.99.88,1,40
203.77.4.35,4,192
163.33.147.190,1,40
133.149.179.215,1,40
203.77.1.250,1,40
150.75.20.119,1,40
163.33.185.237,1,40
150.75.188.160,1,40
203.77.15.143,1,44
163.33.202.66,1,40
202.198.58.169,2,80
150.75.221.137,1,40
150.75.232.28,1,40
133.149.255.162,1,40
163.33.196.81,1,44
133.11.73.154,1,40
133.149.162.219,1,40
203.77.67.182,1,44
133.149.102.24,1,40
133.149.7.146,1,44
163.33.172.199,1,40
150.75.246.79,1,40
133.149.191.126,1,84
133.11.90.26,2,80
133.11.73.190,1,60
150.75.254.122,1,28
150.75.69.178,1,40
133.149.85.212,1,40
133.149.152.145,1,60
150.75.103.197,1,44
163.33.248.72,1,40
150.75.155.107,1,40
133.149.235.153,1,40
133.11.87.243,1,60
150.75.73.68,1,40
150.75.112.128,1,40
150.75.69.108,1,40
163.33.71.1,1,40
133.149.195.249,1,40
133.11.119.194,1,40
163.33.174.26,3,415
150.75.192.201,1,40
163.33.214.193,1,40
163.33.233.247,6,288
133.149.53.164,1,40
163.33.231.102,1,40
150.75.81.194,1,40
203.77.80.181,1,40
203.77.126.74,1,84
163.33.123.193,1,44
133.11.78.232,1,40
150.75.201.108,1,40
203.77.42.229,1,40
202.198.0.148,14,1753
133.11.87.67,1,60
133.11.66.129,1,40
202.25.109.17,1,40
150.75.248.53,1,40
133.149.45.193,1,40
133.149.119.41,1,40
133.11.79.50,1,40
133.149.127.238,1,40
163.33.0.235,4,336
163.33.209.176,1,44
133.11.106.12,1,40
150.75.112.132,1,40
163.33.93.218,12,3078
202.198.49.67,1,44
202.204.60.2,15,5387
163.33.132.251,1,40
163.33.177.209,1,40
203.77.20.239,1,40
163.33.179.63,1,40
163.33.140.78,20,2517
163.33.168.56,10,400
133.149.151.34,1,40
163.33.141.192,13,8880
133.149.188.167,1,40
203.77.97.87,1,40
133.11.78.160,1,40
133.149.234.169,1,40
203.77.27.24,1,40
150.75.245.82,1,40
163.33.195.29,1,40
202.198.7.126,15,1806
133.149.89.121,1,40
202.204.60.61,1,90
163.33.199.215,1,40
150.75.238.68,1,40
163.33.248.132,1,70
163.33.244.104,1,40
150.75.67.68,1,40
133.149.248.99,1,44
163.33.49.12,1,40
133.11.101.85,1,40
133.11.76.131,1,40
163.33.217.13,6,288
133.149.10.79,1,40
133.11.119.190,1,40
133.149.76.195,1,40
133.149.254.136,2,80
163.33.216.193,1,40
163.33.7.35,1,48
163.33.15.218,1,40
163.33.240.39,1,44
150.75.192.194,1,40
202.25.107.245,2,92
133.149.63.54,1,40
150.75.155.151,1,40
133.149.217.85,1,40
202.25.107.170,1,44
163.33.127.63,1,40
133.149.153.61,1,40
203.77.34.205,1,40
133.11.77.49,1,40
163.33.112.24,1,40
133.149.93.224,1,40
150.75.161.249,1,40
150.75.192.228,1,40
150.75.158.107,1,40
150.75.190.103,1,40
163.33.191.200,5,1140
163.33.148.45,1,40
133.149.8.212,1,40
203.77.113.247,7,1293
133.149.62.139,1,44
163.33.242.147,1,40
163.33.70.133,3,276
133.149.26.129,1,40
163.33.45.158,1,40
163.33.13.177,2,80
133.149.250.149,1,40
163.33.77.168,1,44
150.75.88.17,1,40
202.204.58.250,1,40
202.198.59.246,1,40
203.77.50.84,1,40
133.149.79.197,1,44
150.75.236.146,1,40
133.11.70.142,68,7009
203.77.127.37,8,617
133.149.10.68,1,40
163.33.94.215,17,1751
163.33.126.107,1,29
150.75.75.68,1,40
150.75.208.30,1,40
133.149.34.70,1,40
163.33.95.30,17,2552
150.75.236.77,1,40
203.77.120.229,22,12540
133.11.80.204,1,40
203.77.78.3,1,40
203.77.127.55,13,1252
133.149.165.220,1,40
133.11.118.210,1,40
133.11.70.148,81,8096
133.11.70.146,44,4598
133.11.111.208,1,44
202.198.15.231,1,40
163.33.167.35,1,44
133.149.106.161,1,40
150.75.123.221,1,44
163.33.162.197,1,40
163.33.203.37,2,80
133.149.95.99,1,40
133.149.24.74,1,40
150.75.21.239,1,40
133.149.111.167,1,40
133.11.74.201,2,116
133.149.222.240,4,312
163.33.67.222,1,40
133.149.148.200,1,40
163.33.146.186,1,44
203.77.64.101,1,40
133.149.53.115,1,40
163.33.179.217,1,40
133.11.80.255,1,40
133.11.114.56,1,40
163.33.47.96,1,44
133.149.212.115,2,80
150.75.166.191,1,40
163.33.6.4,1,44
133.149.29.200,1,40
133.11.109.92,1,44
150.75.135.197,1,40
133.11.78.161,1,60
163.33.34.148,1,44
150.75.170.168,1,40
133.11.86.2,1,28
163.33.140.61,148,169968
150.75.142.121,1,40
133.11.120.157,1,40
133.149.37.122,1,44
133.149.254.134,1,40
133.149.103.35,1,40
133.149.58.49,3,120
203.77.74.126,1,40
202.198.25.88,1,40
203.77.0.35,1,40
163.33.198.173,1,40
133.11.114.47,1,40
163.33.93.103,1,68
203.77.95.160,1,40
163.33.9.28,1,40
133.149.35.63,1,40
133.11.117.66,1,40
150.75.59.14,1,52
133.11.119.5,1,40
133.11.123.188,1,40
203.77.14.144,1,44
133.11.70.37,1,40
133.149.95.161,1,40
163.33.162.66,1,40
133.11.120.237,1,40
150.75.209.166,1,40
133.149.254.120,1,40
150.75.188.173,1,40
133.149.183.86,1,40
133.11.70.159,104,10794
133.149.95.18,1,40
202.204.60.112,1292,1850797
150.75.25.182,1,40
150.75.106.97,1,52
150.75.14.163,1,40
150.75.81.35,1,40
133.11.100.248,1,40
133.149.196.203,1,40
133.149.219.193,1,40
203.77.61.188,1,40
133.11.105.12,1,40
133.149.97.102,1,40
133.149.254.192,2,80
133.11.116.235,1,40
203.77.83.167,1,40
133.11.70.174,1,40
133.149.123.12,1,44
133.149.246.3,1,40
133.149.103.20,1,40
202.198.58.198,1,40
163.33.53.249,1,40
133.149.115.67,1,40
133.149.167.125,1,40
202.204.58.114,1,44
133.149.103.143,1,40
133.149.140.32,1,44
150.75.96.126,1,44
163.33.64.12,1,40
202.25.107.228,2,104
203.77.120.153,33,14719
133.11.86.195,1,40
133.149.64.236,1,44
150.75.142.112,1,40
163.33.112.28,1,40
150.75.121.41,1,40
163.33.64.52,1,40
202.198.4.120,1,40
133.11.121.140,1,40
133.11.116.202,1,40
133.149.231.103,1,40
163.33.203.125,9,479
203.77.67.230,1,44
203.77.53.165,2,104
133.11.104.202,1,40
133.149.84.38,1,40
163.33.67.152,1,40
133.149.73.151,1,40
203.77.77.141,1,40
133.149.78.239,1,40
163.33.246.93,8,1842
163.33.141.61,24,1878
150.75.20.239,1,44
150.75.143.111,1,40
203.77.121.71,2,188
163.33.44.52,1,44
133.149.156.120,1,40
163.33.10.59,1,40
163.33.244.135,144,110402
202.198.53.12,1,40
203.77.102.35,1,40
133.11.99.160,1,40
150.75.188.65,1,40
150.75.176.176,1,60
133.11.75.217,3,120
133.149.95.171,1,40
133.149.93.174,1,40
133.11.120.231,2,80
133.149.100.27,1,40
163.33.71.107,1,40
202.25.109.11,1,92
163.33.103.209,1,44
133.11.111.18,1,44
150.75.104.47,1,40
150.75.227.42,1,42
163.33.30.159,1,40
203.77.16.119,1,40
163.33.63.129,8,1703
150.75.155.63,1,40
133.149.93.34,1,40
133.149.130.100,1,40
150.75.170.33,1,40
163.33.228.86,1,44
203.77.53.243,1,40
133.149.93.82,1,44
163.33.143.196,2,80
203.77.119.185,1,40
203.77.62.171,1,44
203.77.62.248,1,44
163.33.140.166,1,83
163.33.51.98,1,44
163.33.168.156,1,40
202.198.48.196,1,76
133.149.192.173,1,76
203.77.124.209,7,540
163.33.0.58,1,44
150.75.81.235,1,40
163.33.95.46,3,496
150.75.60.174,1,40
163.33.29.151,5,728
133.149.177.209,1,44
202.198.46.232,1,40
133.149.173.4,1,40
163.33.133.135,1,40
203.77.113.193,3,213
163.33.89.122,1,40
133.149.18.166,1,40
150.75.155.156,1,40
202.198.61.227,1,44
150.75.15.201,1,40
163.33.141.200,12,624
133.11.116.182,1,40
133.11.124.212,1,40
163.33.225.161,1,40
163.33.156.102,1,48
202.25.109.114,1,40
203.77.16.69,1,44
202.198.55.9,1,40
163.33.122.116,1,40
163.33.131.4,22,11115
133.11.93.144,1,40
163.33.180.4,1,52
150.75.103.248,1,40
163.33.28.109,14,1974
133.149.120.127,1,44
202.198.41.200,1,40
133.11.115.240,1,40
133.149.173.123,1,40
133.149.11.120,1,40
150.75.57.158,1,40
150.75.29.239,1,40
163.33.62.180,1,44
133.11.96.159,1,40
133.149.218.9,1,40
163.33.107.255,1,40
163.33.121.37,1,40
163.33.141.109,1,83
133.11.110.242,1,40
163.33.41.176,1,44
203.77.75.21,1,40
133.149.151.208,1,40
163.33.192.64,1,40
150.75.193.71,1,40
150.75.121.215,1,44
133.149.130.78,1,40
202.198.7.29,1,40
163.33.69.248,1,40
203.77.53.143,1,40
133.149.254.189,3,124
163.33.196.172,1,44
133.149.232.190,1,40
163.33.193.246,2,84
163.33.183.119,1,40
203.77.14.245,1,40
163.33.163.91,1,40
133.149.72.191,1,40
150.75.10.121,1,40
133.149.238.252,1,40
133.149.170.71,1,44
133.149.168.103,1,40
133.11.70.156,83,8117
163.33.132.33,16,2441
203.77.83.31,1,44
133.149.215.254,1,40
163.33.39.237,1,40
150.75.126.10,1,40
163.33.132.227,6,547
133.149.85.53,1,40
150.75.104.186,1,40
133.149.200.153,1,40
163.33.215.6,1,40
163.33.237.106,3,156
133.149.97.220,1,40
133.11.109.128,2,80
163.33.140.205,41,16642
163.33.146.246,1,44
133.11.120.53,1,40
163.33.141.9,1,475
163.33.29.78,1,40
163.33.14.123,1,44
163.33.250.193,1,40
133.149.244.104,1,40
203.77.28.192,1,40
133.149.213.129,1,40
203.77.69.57,1,40
163.33.124.239,1,40
163.33.92.212,1514,2153717
163.33.140.35,12,775
150.75.103.124,1,40
163.33.191.243,2,126
163.33.131.207,1,40
133.149.81.14,1,44
163.33.220.99,1,44
163.33.172.149,1,60
133.149.72.93,1,40
133.11.87.185,1,52
133.149.180.154,1,40
133.149.46.252,1,44
133.11.86.147,2,80
203.77.122.141,1,44
163.33.94.34,2,157
150.75.58.79,1,40
150.75.62.216,1,40
163.33.186.123,1,40
163.33.17.100,14,1325
203.77.26.151,1,40
133.11.98.42,1,52
163.33.110.201,1,40
163.33.122.26,1,40
163.33.236.19,6,7615
163.33.198.10,1,125
202.198.45.67,1,40
133.149.204.202,1,44
163.33.59.40,1,40
150.75.38.29,1,40
150.75.44.14,1,40
133.11.70.128,97,9576
150.75.245.77,1,40
203.77.38.147,1,44
133.149.71.185,1,40
133.149.133.35,1,40
133.149.253.116,1,40
133.149.72.238,1,40
133.11.86.146,1,40
133.11.69.111,1,52
203.77.40.62,1,40
163.33.29.75,1,40
163.33.211.0,15,10590
203.77.89.75,1,40
133.149.193.26,1,40
133.149.134.12,1,40
150.75.49.1,1,40
133.11.85.254,1,52
133.11.98.204,1,40
203.77.47.120,1,40
203.77.14.90,1,44
133.149.93.37,1,40
133.149.191.236,1,40
133.11.64.177,1,40
133.11.92.71,1,40
150.75.144.6,1,40
163.33.100.51,1,40
203.77.92.205,1,125
150.75.146.246,1,40
163.33.173.95,1,40
150.75.134.183,1,40
133.149.205.72,1,44
163.33.162.14,1,44
163.33.16.109,1,40
203.77.15.26,1,40
133.149.123.176,1,40
133.149.82.214,1,40
133.11.84.52,1,40
163.33.58.12,1,40
133.11.70.51,1,40
133.149.129.164,1,40
133.149.135.175,1,40
133.149.63.21,1,40
133.149.205.254,1,40
203.77.120.185,4,177
133.149.131.33,1,40
150.75.91.216,1,40
163.33.124.247,1,52
133.149.184.40,1,40
133.149.150.104,1,40
163.33.100.58,1,40
163.33.85.155,1,40
133.11.102.45,1,40
133.149.148.236,1,40
133.149.205.224,1,40
133.149.71.79,1,40
133.149.108.216,1,44
133.11.110.162,1,40
133.11.93.182,1,48
202.198.21.210,3,120
163.33.6.189,1,40
203.77.127.49,6,479
133.149.147.182,1,52
150.75.71.32,1,40
163.33.92.72,1,44
163.33.85.187,1,40
133.149.195.67,1,40
133.149.123.46,1,40
133.11.127.168,1,40
133.11.74.157,1,40
163.33.231.134,2,126
163.33.142.250,1,40
150.75.71.178,1,40
133.11.104.237,1,40
150.75.77.176,1,28
163.33.239.104,1,40
163.33.90.181,1,40
133.11.101.144,1,40
150.75.13.165,1,40
133.149.82.176,1,40
203.77.118.188,19,4175
150.75.80.177,1,40
163.33.241.71,1,40
133.149.215.50,1,40
163.33.240.129,1,40
133.11.105.203,1,40
202.204.56.164,1,40
133.149.133.115,1,40
150.75.213.8,1,40
133.149.115.180,1,44
163.33.22.227,1,40
133.149.124.73,1,44
133.149.110.51,1,40
133.149.205.192,1,40
202.198.20.9,1,40
133.11.110.45,1,40
133.11.85.95,1,40
163.33.184.192,1,40
163.33.175.141,108,126922
133.149.7.207,1,44
203.77.22.88,1,40
150.75.11.43,1,40
150.75.127.206,1,40
133.149.71.38,1,40
163.33.246.210,1,50
133.11.126.219,1,40
133.11.105.162,1,40
163.33.7.30,1,40
203.77.36.84,1,44
133.149.111.66,1,40
150.75.124.247,1,52
133.11.114.57,1,40
202.198.38.140,1,40
163.33.120.170,1,40
203.77.115.202,1,40
133.149.156.209,1,44
163.33.239.91,1,40
203.77.118.178,9,1456
163.33.63.131,3,450
163.33.108.122,1,44
133.149.125.156,1,40
150.75.161.106,1,40
133.11.70.138,33,3236
150.75.251.140,2,80
203.77.107.166,1,56
163.33.7.212,1,40
133.149.168.129,1,40
133.11.87.55,1,52
203.77.116.118,1,40
150.75.204.177,1,40
150.75.212.45,1,44
133.11.72.146,1,40
150.75.77.68,1,40
133.149.253.65,1,40
163.33.32.111,1,40
202.198.56.88,1,40
163.33.195.186,18,1759
163.33.1.26,1,44
163.33.141.89,4,223
163.33.250.147,1,40
163.33.198.78,1,40
133.149.68.2,2,92
202.198.60.93,1,40
203.77.54.249,2,88
133.11.100.102,1,40
133.149.123.132,1,40
133.149.136.186,1,44
163.33.12.236,1,40
202.198.44.213,1,40
203.77.46.79,1,40
133.11.127.121,2,68
133.149.162.109,1,40
133.11.125.93,1,40
203.77.88.234,1,40
133.149.126.195,1,40
203.77.112.82,2,80
133.149.138.44,1,40
150.75.158.200,1,40
163.33.8.40,1,40
150.75.111.204,1,40
203.77.44.155,1,40
203.77.20.42,1,40
133.149.245.41,1,40
163.33.146.26,1,44
133.149.198.230,1,44
163.33.73.235,1,40
163.33.0.167,1,40
133.149.217.207,1,44
133.149.114.138,1,125
133.11.84.31,1,40
202.204.62.85,1,44
133.11.95.118,1,40
133.149.147.216,1,44
203.77.127.52,2,272
163.33.201.90,1,40
163.33.168.193,1,40
150.75.226.99,1,40
150.75.137.145,1,40
163.33.228.126,1,44
203.77.52.140,1,44
133.11.97.62,1,40
203.77.80.164,1,44
133.11.70.135,33,2912
163.33.95.255,7,7621
133.11.99.81,1,40
163.33.213.114,1,40
203.77.77.209,1,40
163.33.121.230,1,40
150.75.202.30,1,44
133.11.112.148,1,40
163.33.22.216,1,40
203.77.115.205,7,1139
202.198.5.50,2,88
133.149.120.72,1,40
202.198.52.156,1,60
150.75.182.80,1,40
203.77.83.77,1,44
203.77.107.64,1,40
163.33.15.52,1,40
163.33.39.17,1,40
202.198.0.255,1,40
163.33.214.146,1,40
133.149.203.28,1,40
163.33.139.143,1,64
150.75.82.63,1,44
163.33.206.233,1,40
203.77.102.81,1,40
133.149.33.88,1,44
163.33.141.158,6,365
203.77.113.245,4,435
133.149.55.172,1,40
203.77.107.253,1,40
133.149.151.179,1,40
163.33.187.74,1,42
202.198.20.16,1,40
150.75.139.138,1,40
163.33.43.218,1,40
150.75.128.47,1,40
133.149.108.115,1,40
163.33.206.240,1,40
150.75.148.147,1,40
150.75.24.66,1,40
133.149.114.0,1,40
133.149.132.143,1,40
133.149.123.245,1,52
133.11.67.69,1,40
203.77.73.197,1,44
133.11.101.93,1,40
203.77.12.53,1,40
133.11.95.119,1,40
150.75.155.45,1,40
150.75.35.254,1,40
203.77.92.83,1,44
133.149.115.143,1,40
150.75.146.235,1,44
202.198.23.28,1,40
163.33.155.23,1,40
203.77.25.166,1,52
150.75.217.7,1,44
133.149.44.236,2,80
133.149.22.251,1,44
133.149.157.99,1,44
203.77.31.137,1,44
203.77.31.221,1,44
203.77.73.86,1,40
163.33.223.59,1,44
133.11.76.196,1,40
163.33.231.241,1,40
133.149.242.199,1,60
163.33.120.139,1,40
150.75.28.5,1,40
133.149.93.143,1,44
150.75.99.230,1,40
133.149.238.104,1,40
203.77.80.141,1,52
202.204.60.175,1,40
163.33.244.138,1,40
150.75.9.98,1,40
133.11.75.130,1,40
202.198.2.42,1,40
203.77.63.181,1,40
203.77.113.255,2,104
150.75.183.91,1,40
133.149.240.252,1,40
133.11.98.145,1,40
163.33.250.10,1,68
133.11.82.216,1,40
203.77.36.137,1,40
203.77.26.39,2,80
203.77.17.83,1,40
163.33.213.76,1,40
133.11.91.96,1,40
133.11.97.100,1,40
133.149.4.200,2,80
133.149.195.37,1,40
150.75.196.59,1,44
133.149.159.233,1,40
163.33.11.255,1,40
163.33.124.248,1,52
202.198.10.110,1,40
150.75.14.172,1,40
133.11.65.151,1,40
133.11.70.215,30,34993
163.33.178.247,1,40
133.149.165.140,1,40
150.75.240.158,1,40
163.33.1.59,1,84
163.33.178.84,1,44
133.149.143.50,1,40
133.11.107.74,1,40
133.11.120.101,1,40
163.33.56.117,1,40
133.149.209.56,1,40
133.11.108.116,1,40
133.149.243.96,1,40
163.33.160.64,1,44
133.11.86.74,2,80
133.149.216.217,1,40
133.149.17.8,1,40
133.149.228.46,1,40
203.77.112.14,1,40
133.11.117.152,1,40
202.198.51.213,1,40
133.149.170.199,1,40
133.149.60.247,1,40
133.149.73.192,5,200
203.77.108.230,1,40
150.75.218.235,1,44
202.198.22.191,1,40
133.149.77.45,2,80
133.149.148.77,1,40
203.77.58.115,1,40
133.149.226.175,1,125
133.149.112.138,1,40
163.33.51.200,1,52
163.33.59.191,1,40
133.11.65.38,1,40
150.75.217.77,1,52
150.75.218.122,1,40
133.149.35.25,5,240
163.33.48.251,1,40
133.149.141.229,1,40
163.33.63.161,7,806
163.33.92.179,1,52
133.149.61.229,1,40
163.33.156.116,1,40
133.149.187.174,1,120
163.33.227.85,1,40
202.198.14.235,1,40
150.75.100.173,1,40
133.149.214.15,7,546
163.33.236.161,1,60
133.149.7.150,1,44
163.33.93.146,23,32727
163.33.150.153,1,44
163.33.45.40,1,40
203.77.112.69,1,40
150.75.32.143,1,40
163.33.141.174,1,40
133.11.116.213,1,40
150.75.157.113,1,40
203.77.83.136,1,44
133.149.151.193,1,40
150.75.156.109,1,40
203.77.31.57,1,40
133.149.149.29,1,40
133.11.122.119,1,40
203.77.117.67,6,504
133.149.187.241,1,120
133.149.134.237,1,40
163.33.189.211,1,125
163.33.82.49,1,44
133.149.249.183,1,40
203.77.103.218,1,40
133.11.114.77,1,40
150.75.59.79,1,40
203.77.1.63,1,40
150.75.176.2,1,60
150.75.170.111,1,40
133.149.250.40,1,40
150.75.252.213,1,44
133.11.85.117,1,40
133.149.25.195,1,40
133.149.216.103,1,40
203.77.36.81,1,44
133.11.108.107,1,40
133.149.8.126,1,40
133.149.243.68,1,44
163.33.186.207,1,40
133.149.233.202,1,40
150.75.77.233,1,127
133.11.85.25,1,40
133.149.226.209,1,40
150.75.85.96,1,40
163.33.97.252,1,40
203.77.118.233,1,40
133.11.100.183,1,40
203.77.67.12,1,52
133.149.126.187,1,40
203.77.116.91,1,44
163.33.141.170,1,40
133.149.181.129,1,40
150.75.71.111,1,40
150.75.100.178,1,40
150.75.110.121,1,40
163.33.24.138,1,40
133.149.190.93,1,40
133.149.129.142,1,40
163.33.79.50,1,40
163.33.94.66,6,405
133.11.105.8,1,40
163.33.155.170,1,44
133.11.81.252,1,40
150.75.135.193,1,40
202.198.56.165,1,44
150.75.220.67,1,40
133.11.112.115,1,40
163.33.116.85,1,40
163.33.183.136,1,40
150.75.39.22,1,44
133.149.178.197,1,40
150.75.98.141,1,44
203.77.11.17,1,40
133.11.110.176,1,40
133.11.71.42,1,40
163.33.78.102,1,40
150.75.132.181,1,52
150.75.75.90,1,40
150.75.243.166,1,40
133.149.116.50,1,40
150.75.88.16,1,40
163.33.141.37,1,40
150.75.92.179,1,40
150.75.109.92,1,48
163.33.67.178,1,44
150.75.218.75,1,40
150.75.98.157,1,68
163.33.68.215,1,40
203.77.123.39,2,112
150.75.249.203,1,44
150.75.12.233,1,59
133.149.192.48,1,40
150.75.66.240,1,40
203.77.110.198,2,104
163.33.92.194,2,104
133.149.17.110,2,84
133.149.119.151,1,44
163.33.238.166,2,122
203.77.120.148,2,80
133.149.103.12,1,40
150.75.141.205,1,44
150.75.64.185,1,44
150.75.19.85,1,40
163.33.13.240,1,52
163.33.224.50,1,40
133.149.226.154,1,40
150.75.176.20,1,40
150.75.233.172,1,40
163.33.253.240,1,44
133.149.203.184,1,44
150.75.19.233,1,40
133.149.252.239,1,120
150.75.163.74,1,40
203.77.50.131,1,44
133.149.77.62,1,40
133.11.75.148,1,40
150.75.104.19,1,44
150.75.206.77,1,40
203.77.75.70,1,40
203.77.5.231,2,84
163.33.141.247,1,52
150.75.233.96,1,40
133.149.181.14,1,40
203.77.20.175,1,40
133.149.238.48,1,40
203.77.0.243,1,40
150.75.251.194,1,40
203.77.121.78,2,256
163.33.63.128,9,1335
203.77.107.175,1,40
133.149.96.186,1,40
133.149.7.132,1,40
133.11.121.181,1,40
163.33.121.209,1,40
133.11.126.138,1,40
202.198.21.23,1,44
133.149.29.13,1,40
133.11.83.47,1,40
133.11.119.92,1,40
203.77.59.43,1,44
203.77.124.235,1,40
150.75.42.76,1,40
163.33.128.238,1,40
150.75.0.232,1,40
163.33.95.88,9,2202
163.33.158.2,1,44
203.77.127.32,7,553
133.11.82.97,1,40
150.75.144.183,2,120
202.25.109.4,1,40
203.77.44.255,1,52
203.77.70.239,1,40
150.75.118.4,1,40
150.75.168.229,1,40
203.77.89.7,1,40
202.198.16.46,2,157
133.149.201.208,1,40
133.149.26.180,1,40
163.33.37.144,1,40
133.149.54.109,1,40
150.75.44.245,1,40
150.75.43.105,1,40
163.33.174.139,1,44
150.75.200.242,1,40
163.33.148.246,1,40
202.198.45.111,1,40
150.75.192.55,1,40
163.33.176.182,2,743
133.149.35.220,1,44
150.75.117.84,1,40
163.33.122.180,6,288
133.149.34.238,1,48
203.77.47.243,1,40
133.11.91.182,1,44
203.77.6.82,1,44
133.149.118.63,1,40
133.149.91.102,1,40
163.33.194.42,1,40
163.33.141.231,11,2015
133.149.230.185,1,40
133.149.25.83,1,40
133.149.216.123,1,40
150.75.60.205,1,52
203.77.85.133,1,44
163.33.237.109,6,621
150.75.168.133,1,40
133.11.117.98,1,40
133.149.179.187,1,40
150.75.22.90,1,60
202.198.25.126,1,44
133.149.19.173,1,40
133.149.91.34,1,44
150.75.208.164,1,40
203.77.29.244,1,44
150.75.185.7,1,40
133.11.126.243,1,40
203.77.42.205,1,40
150.75.122.2,1,40
163.33.48.245,1,40
163.33.107.219,10,786
133.149.50.152,1,40
150.75.167.132,1,40
150.75.155.43,1,44
133.149.225.31,1,40
133.11.72.60,1,40
133.149.249.57,1,40
133.149.134.222,1,40
163.33.74.31,1,40
163.33.95.24,1,40
133.149.49.233,1,40
133.149.137.55,1,40
163.33.93.100,7,352
133.11.76.141,1,44
133.149.65.100,2,100
203.77.55.24,1,40
163.33.141.203,1,52
163.33.25.169,1,44
133.149.16.1,1,40
163.33.84.211,8,6325
133.149.34.124,1,44
133.149.109.85,1,40
203.77.115.51,19,1528
163.33.50.251,1,121
133.149.190.186,1,40
203.77.94.38,1,40
203.77.105.106,1,40
163.33.123.169,1,44
133.149.10.141,1,40
163.33.203.129,1,40
203.77.97.221,1,40
133.149.204.77,1,40
163.33.119.107,1,40
133.149.177.88,1,40
133.11.103.111,1,40
163.33.121.235,1,40
202.198.57.197,1,60
150.75.21.80,1,40
133.149.68.164,1,40
150.75.187.162,1,40
163.33.191.204,12,4128
150.75.150.76,1,40
163.33.129.33,1,44
150.75.46.74,1,40
133.149.71.45,1,40
163.33.75.24,1,40
150.75.155.246,1,40
133.149.73.106,1,52
150.75.171.114,1,40
150.75.191.191,1,40
203.77.122.213,6,1304
150.75.203.246,1,40
203.77.5.25,1,40
150.75.3.96,1,40
203.77.122.197,2,188
133.149.107.185,1,40
203.77.19.12,1,40
163.33.147.43,2,80
133.11.88.190,1,40
133.149.249.68,1,40
150.75.47.68,1,40
203.77.124.23,2,188
133.11.71.131,1,40
150.75.210.2,1,40
150.75.165.220,1,40
163.33.237.36,2,128
203.77.62.81,1,40
133.11.89.192,1,40
202.25.107.190,4,164
163.33.149.194,1,40
150.75.187.180,1,40
133.11.65.165,1,40
163.33.93.167,1,40
150.75.23.91,1,44
150.75.84.59,1,40
150.75.37.40,1,40
163.33.4.117,1,40
133.11.89.232,1,40
150.75.227.247,1,40
133.149.35.65,1,40
203.77.116.240,1,40
203.77.126.107,1,40
203.77.120.49,2,80
150.75.56.112,1,44
150.75.142.32,1,40
203.77.10.70,1,40
133.149.154.194,1,40
202.198.24.63,1,40
150.75.191.173,1,40
163.33.112.218,1,56
150.75.30.115,1,40
163.33.52.122,1,40
163.33.127.218,1,40
133.149.77.63,1,40
203.77.26.212,1,44
133.149.167.207,1,40
163.33.249.179,1,40
133.149.154.195,1,40
133.149.17.208,1,40
150.75.196.161,1,44
203.77.113.60,1,40
202.198.14.239,1,40
133.11.108.71,1,40
150.75.91.254,1,40
163.33.211.248,1,40
203.77.63.221,1,44
133.11.103.131,1,40
163.33.232.142,5,200
133.11.78.186,1,40
203.77.88.81,1,40
133.11.64.116,1,44
133.149.61.13,1,40
150.75.239.251,1,40
133.149.1.124,1,40
163.33.48.131,1,44
133.149.69.189,1,40
150.75.47.149,2,80
203.77.6.181,1,40
163.33.252.245,273,318465
163.33.104.192,1,40
163.33.243.16,1,40
133.11.99.194,1,40
150.75.9.185,1,40
163.33.92.233,5,3786
133.11.99.9,1,40
150.75.2.230,1,40
163.33.170.165,1,44
150.75.79.93,1,40
203.77.41.58,1,125
163.33.49.57,1,40
203.77.57.94,1,40
203.77.101.70,1,40
133.149.201.125,1,40
203.77.118.176,134,191429
133.11.94.122,1,40
133.149.105.184,1,40
163.33.182.137,6,312
133.11.79.165,1,40
202.198.4.143,2,80
202.198.1.115,1,40
133.149.97.112,1,44
133.149.123.84,1,40
150.75.47.2,1,40
133.149.176.70,1,40
150.75.133.240,1,40
133.11.77.252,1,40
163.33.132.39,15,6418
133.149.97.204,1,44
202.25.107.139,1,44
163.33.116.24,8,3346
133.149.32.217,1,40
150.75.96.23,1,40
202.198.24.34,1,40
150.75.123.127,1,40
133.149.159.224,1,40
133.11.102.232,1,44
150.75.61.109,1,40
150.75.166.130,1,40
202.198.43.80,1,44
133.11.88.194,1,40
133.11.94.6,1,40
133.149.96.69,1,44
202.198.24.84,1,40
133.149.26.80,1,40
133.149.139.124,1,40
163.33.148.89,1,40
163.33.182.59,1,40
133.149.20.233,1,44
133.11.84.221,1,40
163.33.232.192,1,52
133.149.227.236,1,40
133.149.30.64,1,40
203.77.32.33,1,40
133.149.5.237,1,40
163.33.173.140,1,44
133.149.154.191,1,44
203.77.21.248,1,40
202.204.58.21,1,40
203.77.100.162,1,44
203.77.16.36,1,40
202.198.1.189,1,40
133.149.92.96,2,88
202.25.107.199,3,120
150.75.11.205,1,40
133.149.11.139,1,40
150.75.11.2,1,40
133.149.106.62,1,40
203.77.33.46,1,52
203.77.94.254,1,40
150.75.234.186,1,44
203.77.16.179,1,40
203.77.122.179,1,40
133.149.180.143,1,40
203.77.72.48,1,44
163.33.166.225,1,40
202.198.8.72,1,40
203.77.36.183,1,40
203.77.53.151,1,40
150.75.48.179,1,44
202.198.51.158,1,40
133.149.177.98,1,40
163.33.249.168,1,40
133.149.239.130,1,40
163.33.140.93,3,209
203.77.43.230,3,120
150.75.66.23,1,40
133.11.71.36,1,40
150.75.101.76,1,40
203.77.53.73,1,40
133.11.72.118,1,40
163.33.72.72,1,40
202.198.14.226,1,40
150.75.159.173,1,40
133.11.112.170,1,52
163.33.184.212,1,40
150.75.214.77,1,52
163.33.159.222,1,52
133.11.121.12,1,40
203.77.52.208,1,40
203.77.4.125,1,40
133.149.236.211,1,44
133.149.177.207,1,40
150.75.29.204,1,40
133.11.127.238,1,40
203.77.114.0,1,40
133.11.64.158,1,40
133.11.73.221,1,40
133.11.93.200,1,40
133.149.28.252,1,40
203.77.69.31,1,40
133.11.83.204,1,40
133.11.100.52,1,52
133.149.222.94,1,40
202.25.109.32,1,52
133.11.78.72,1,40
133.149.246.190,1,40
150.75.184.179,1,44
150.75.91.3,1,40
133.149.61.211,1,40
150.75.44.129,1,40
202.198.36.27,1,40
150.75.106.204,1,40
133.11.125.201,1,40
150.75.11.73,1,40
163.33.75.95,1,40
202.198.23.235,1,40
203.77.91.27,1,40
203.77.87.217,1,40
163.33.251.25,1,40
133.11.105.131,1,48
150.75.212.97,1,40
163.33.105.18,1,40
133.149.142.229,1,40
163.33.114.72,1,40
150.75.40.215,1,60
163.33.35.4,1,40
133.149.233.52,1,40
133.11.99.255,1,40
133.11.78.90,1,40
150.75.229.134,1,40
163.33.147.198,1,44
163.33.146.243,1,40
150.75.115.173,1,40
203.77.122.174,4,373
133.11.106.154,1,40
150.75.231.161,1,44
163.33.140.57,1,91
133.11.93.46,1,40
133.11.83.39,1,40
133.11.72.210,1,40
133.11.98.249,1,40
133.11.82.2,1,40
133.149.232.243,1,40
133.11.88.24,1,40
133.149.247.1,1,40
163.33.241.83,1,40
163.33.228.105,56,32582
163.33.32.69,1,40
150.75.160.116,1,40
133.11.124.1,1,40
133.11.64.152,1,40
133.149.84.73,1,40
133.11.80.104,1,40
150.75.188.156,1,40
133.149.9.100,1,52
133.149.129.57,1,40
133.11.111.167,1,40
133.11.100.31,1,40
163.33.20.160,1,40
133.149.202.196,2,80
133.149.202.183,1,40
133.11.81.130,1,40
133.11.114.174,1,44
202.198.44.200,1,40
133.149.12.222,1,40
202.198.32.70,1,40
202.198.23.226,1,40
203.77.37.60,1,40
133.149.10.162,1,52
163.33.10.180,1,40
133.149.121.108,1,40
133.149.96.6,1,40
133.11.126.185,1,40
133.11.68.112,1,40
133.11.86.123,1,40
163.33.219.232,1,40
133.149.127.23,1,40
163.33.96.136,1,40
163.33.211.28,1,52
202.204.59.19,1,40
150.75.87.189,1,40
163.33.123.246,1,44
133.149.74.115,1,40
150.75.176.169,1,40
133.11.75.83,1,60
133.149.129.155,1,40
203.77.32.50,1,40
133.149.117.86,1,40
202.198.46.0,1,40
133.149.114.211,1,40
163.33.63.172,4,1238
133.149.105.218,1,40
150.75.158.174,1,40
133.149.153.226,1,40
133.149.44.39,2,80
203.77.81.53,1,44
133.149.239.81,1,40
133.149.52.22,1,40
150.75.197.6,1,40
203.77.110.49,1,40
133.11.96.166,1,40
202.204.62.236,18,2606
133.149.152.84,1,40
150.75.54.0,1,40
163.33.252.219,1,40
133.149.116.206,1,40
133.149.239.199,1,40
163.33.63.166,8,1007
163.33.103.213,1,44
163.33.82.4,1,40
133.149.104.91,1,40
163.33.228.157,1,40
133.11.125.174,1,40
150.75.53.34,1,40
150.75.87.207,1,40
133.11.119.39,1,40
150.75.71.85,1,44
163.33.57.0,3,144
150.75.128.24,1,44
133.11.87.35,1,60
133.149.33.63,1,52
133.11.70.164,3,120
202.198.61.184,1,44
133.149.79.45,1,40
133.149.107.207,1,40
150.75.91.19,1,40
133.149.75.37,1,40
133.11.98.44,1,48
133.149.203.64,1,40
133.11.102.111,1,48
203.77.125.98,3,282
150.75.109.181,1,40
150.75.72.145,1,44
133.11.85.123,1,60
203.77.51.91,1,40
133.149.209.3,1,40
133.149.128.75,1,40
133.11.77.226,1,44
133.149.17.146,1,40
150.75.157.99,1,40
150.75.145.33,1,40
163.33.227.209,1,40
203.77.73.157,1,44
133.149.176.203,1,40
133.11.66.70,1,40
133.11.124.19,1,40
203.77.108.182,1,40
150.75.109.79,1,40
133.11.78.61,1,60
163.33.152.138,1,40
202.198.53.54,3,184
133.11.90.102,1,40
163.33.122.1,1,44
133.149.16.214,1,40
202.15.129.60,1,40
163.33.232.17,1,52
133.149.88.178,1,44
133.149.156.66,1,40
163.33.199.65,1,40
133.11.116.217,1,40
163.33.106.242,1,40
150.75.132.251,1,44
150.75.132.76,1,44
133.11.91.162,2,80
133.11.69.1,1,40
133.11.124.23,1,40
150.75.106.34,1,40
163.33.160.139,1,44
202.198.14.125,1,40
163.33.60.233,1,40
133.149.191.158,1,40
133.11.112.131,1,40
133.149.166.28,1,40
150.75.232.250,1,40
150.75.247.6,1,40
133.11.73.231,1,40
150.75.230.179,1,40
133.11.88.237,1,40
150.75.154.162,1,29
133.149.186.85,1,40
203.77.37.210,1,40
163.33.38.199,1,121
163.33.6.225,1,44
133.149.88.36,1,44
150.75.240.208,1,40
150.75.125.60,5,292
163.33.230.45,1,40
133.149.206.199,1,44
202.204.62.10,1,40
150.75.140.17,1,44
133.11.82.61,1,40
150.75.176.103,1,40
150.75.176.98,1,40
133.149.255.175,1,40
163.33.126.101,1,40
202.198.4.229,1,40
133.11.120.73,1,40
133.11.69.46,1,40
163.33.182.31,1,40
133.149.194.248,1,40
202.198.9.145,1,40
150.75.75.186,1,40
150.75.12.206,1,40
133.149.182.180,1,40
133.11.73.92,1,40
133.11.83.208,1,60
133.149.167.43,1,40
203.77.33.196,1,40
163.33.81.177,1,40
163.33.57.161,5,1558
163.33.229.104,1,44
163.33.136.76,1,40
163.33.174.244,1,44
133.149.127.99,1,40
163.33.140.163,5,354
133.149.211.15,1,40
150.75.143.63,1,44
133.149.132.47,1,60
133.11.123.232,1,40
150.75.0.218,1,40
163.33.216.108,1,40
202.198.34.147,1,40
203.77.71.34,1,40
133.149.120.193,1,40
202.198.8.19,1,40
203.77.31.184,1,40
133.149.199.237,1,40
133.11.87.222,1,40
133.11.125.187,1,40
163.33.11.203,1,40
133.11.107.97,1,40
203.77.71.18,1,40
163.33.232.101,211,253727
150.75.81.121,1,40
133.149.170.213,1,40
163.33.163.26,1,40
133.149.229.20,1,40
133.11.74.138,1,40
133.11.123.190,1,40
133.11.127.242,1,40
163.33.213.130,1,40
163.33.95.43,1,44
150.75.124.24,1,40
150.75.74.169,1,40
133.11.115.102,1,44
163.33.55.91,1,44
133.11.76.218,1,40
133.149.18.117,1,40
150.75.0.1,1,40
150.75.34.255,9,360
133.149.183.7,1,40
133.11.105.79,1,40
150.75.24.114,1,40
163.33.173.204,1,48
163.33.46.113,1,40
203.77.77.250,1,40
163.33.45.230,2,84
163.33.52.43,1,40
133.149.107.110,1,44
133.149.181.198,1,40
133.11.127.63,1,40
203.77.120.213,1,28
202.198.60.91,1,40
150.75.239.227,1,40
202.198.1.174,1,40
133.11.94.245,1,40
133.11.127.118,1,40
203.77.110.115,1,40
133.11.69.158,1,40
203.77.122.23,1,28
133.149.102.194,1,40
163.33.20.137,1,40
203.77.122.31,1,28
203.77.10.33,1,40
133.11.115.140,1,44
133.11.77.208,2,80
163.33.172.197,1,40
150.75.230.220,1,40
133.149.68.29,1,40
163.33.253.111,1,40
133.149.189.137,1,40
203.77.89.246,1,40
163.33.20.187,1,40
163.33.217.19,1,40
203.77.123.206,1,28
163.33.31.53,1,40
203.77.124.168,3,252
202.25.109.119,1,44
133.149.50.190,1,40
150.75.220.156,1,40
133.149.28.76,1,40
203.77.103.126,2,84
203.77.56.104,1,40
133.11.71.44,2,80
133.149.208.2,1,60
202.198.8.214,1,40
203.77.7.235,1,44
133.149.172.70,1,40
133.149.1.177,1,40
133.11.89.18,1,40
202.198.18.173,1,44
202.198.25.123,1,40
150.75.62.68,1,40
202.198.35.80,1,40
163.33.2.87,1,40
150.75.240.137,1,40
150.75.225.247,1,44
133.11.86.88,1,40
163.33.147.246,1,44
133.11.98.94,1,40
133.149.29.66,1,40
133.11.120.178,1,40
133.149.36.20,2,80
133.149.135.136,1,40
163.33.213.22,1,40
163.33.62.134,3,1337
163.33.8.57,1,44
150.75.246.57,1,44
133.149.138.14,1,44
203.77.101.75,1,40
150.75.50.65,1,40
133.11.126.194,1,40
150.75.192.165,1,40
163.33.199.82,1,40
203.77.112.43,1,40
133.149.159.144,1,40
163.33.36.231,1,180
133.11.116.104,1,40
133.11.82.157,1,40
150.75.178.109,1,40
133.149.1.143,1,40
133.149.63.105,4,192
133.11.107.87,1,40
202.198.12.8,1,40
163.33.206.38,1,44
133.11.85.156,2,80
133.11.77.170,1,40
133.149.86.199,2,80
163.33.27.85,1,40
163.33.36.229,1,44
133.149.92.105,1,40
202.198.46.33,1,40
203.77.102.0,1,40
163.33.201.247,3,515
133.11.77.158,1,40
203.77.107.19,1,40
163.33.20.207,1,40
133.149.162.227,2,80
150.75.85.73,1,40
133.11.124.137,1,121
203.77.29.154,1,40
202.204.62.225,1,52
150.75.198.111,1,40
150.75.42.66,1,40
163.33.161.198,1,40
163.33.20.82,1,40
203.77.126.84,1,40
163.33.157.163,1,40
163.33.34.31,1,40
133.11.89.47,1,125
163.33.55.240,1,44
163.33.251.164,13,10341
163.33.210.65,1,40
163.33.78.81,1,40
203.77.47.149,1,40
133.11.65.207,1,40
133.149.82.37,1,40
133.149.13.99,1,40
150.75.62.98,1,40
133.11.79.224,1,40
163.33.58.63,1,40
133.11.64.146,1,40
203.77.0.17,1,44
163.33.187.16,1,40
133.149.76.155,1,40
150.75.39.17,2,80
203.77.37.32,1,52
133.149.141.57,1,40
163.33.231.95,1,40
133.11.68.211,1,40
163.33.231.92,2,80
133.149.255.150,2,80
150.75.140.25,1,44
133.11.103.98,1,48
133.149.138.228,1,52
163.33.20.233,1,40
163.33.141.246,2,166
133.149.35.157,1,40
203.77.12.30,1,40
203.77.7.208,1,40
163.33.116.22,171,233879
133.149.207.104,1,40
163.33.126.56,1,44
133.149.101.11,1,44
163.33.251.36,1,40
133.11.90.229,1,40
133.149.79.232,1,40
202.198.39.192,1,40
133.149.166.242,1,40
133.149.84.153,1,40
163.33.100.188,1,44
163.33.112.53,3,120
150.75.202.108,1,44
150.75.180.89,1,40
133.149.169.127,1,40
150.75.43.191,1,40
133.149.231.207,1,40
203.77.120.161,1,40
133.149.218.178,1,40
150.75.125.109,1,40
150.75.11.98,1,40
133.149.36.225,1,44
133.149.255.229,2,80
133.149.33.51,1,40
133.149.51.247,1,40
150.75.103.74,1,40
150.75.5.104,1,40
163.33.226.10,1,40
150.75.109.29,1,40
133.11.115.180,1,40
133.149.255.216,2,80
163.33.119.131,1,40
150.75.182.93,1,40
163.33.62.77,1,44
203.77.124.192,1,44
133.149.13.86,1,40
163.33.201.25,1,40
202.204.57.244,1,40
163.33.166.35,1,69
133.11.90.5,1,40
163.33.201.246,1,40
133.11.91.206,1,40
163.33.129.126,1,40
133.11.72.142,1,40
203.77.112.249,2,80
163.33.92.158,2,166
202.198.9.166,1,40
133.11.124.116,1,40
203.77.122.81,1,40
150.75.178.113,1,40
163.33.143.61,5,296
163.33.76.246,1,40
133.149.105.251,1,40
150.75.165.60,1,52
133.149.136.112,1,40
133.149.11.179,1,40
133.11.76.87,1,40
203.77.53.90,1,40
133.149.26.162,1,40
203.77.124.123,4,189
202.198.34.56,1,40
133.11.70.196,12,1696
150.75.154.55,1,40
133.149.33.48,1,40
203.77.81.83,1,40
150.75.31.252,1,40
133.11.79.219,1,52
150.75.37.149,1,44
163.33.18.163,1,44
133.149.202.213,1,40
133.149.3.7,1,40
163.33.212.226,1,40
203.77.17.231,1,40
203.77.68.66,1,40
133.149.152.18,1,40
150.75.175.84,1,40
163.33.174.16,28,30655
133.11.115.100,1,40
133.11.78.88,1,40
133.11.66.175,1,60
163.33.198.41,1,52
202.198.5.77,1,40
202.204.58.43,1,44
203.77.122.202,4,237
202.198.46.3,1,40
203.77.98.9,1,40
203.77.78.105,1,40
150.75.112.226,1,40
203.77.36.61,1,40
133.149.231.238,1,40
163.33.140.215,1,83
203.77.87.121,1,40
133.11.127.57,1,40
150.75.5.88,1,40
133.11.122.108,1,40
150.75.92.35,1,40
163.33.95.213,5,1612
150.75.18.103,1,44
203.77.20.102,1,40
163.33.127.139,1,40
133.149.244.92,1,52
150.75.134.79,1,40
203.77.26.120,1,40
150.75.154.83,1,40
203.77.118.163,2,92
133.11.79.175,1,40
203.77.91.75,1,40
163.33.235.144,1,40
133.149.97.253,1,40
203.77.42.59,1,40
133.149.164.11,1,40
133.11.72.241,1,40
150.75.150.172,1,40
150.75.147.226,1,40
133.11.108.135,1,44
163.33.92.17,7,1755
133.149.142.99,1,40
163.33.228.100,1,40
203.77.113.194,1,40
202.198.61.144,1,40
163.33.1.155,1,40
150.75.220.116,1,40
150.75.69.208,1,40
133.149.224.215,1,40
203.77.72.158,1,40
163.33.132.22,1,40
133.11.114.253,1,40
163.33.163.218,1,40
163.33.99.49,2,104
163.33.122.31,1,40
133.11.89.14,1,60
150.75.250.77,1,40
133.149.161.9,1,40
163.33.219.135,1,40
150.75.79.176,1,44
133.149.141.249,1,40
202.204.62.177,1,40
133.149.62.173,1,40
163.33.94.188,207,248892
163.33.113.13,1,40
203.77.81.38,1,40
133.149.204.165,1,40
150.75.167.252,1,40
163.33.68.203,1,40
133.149.24.232,1,44
163.33.52.94,1,44
163.33.9.89,2,240
202.198.41.26,1,52
133.149.118.0,1,40
150.75.229.157,1,40
163.33.140.31,1,40
163.33.205.50,1,40
202.25.109.159,1,40
203.77.7.31,1,40
133.149.109.211,1,40
150.75.145.90,1,40
133.11.102.20,1,40
163.33.212.139,1,40
163.33.238.30,1,40
150.75.107.23,1,40
150.75.182.150,1,40
150.75.2.234,2,120
133.11.113.46,1,40
202.204.63.185,1,40
133.11.124.126,1,40
133.11.123.147,1,44
133.11.64.43,1,40
133.11.96.246,1,40
163.33.84.99,1,40
163.33.208.112,1,52
203.77.91.1,1,52
163.33.141.59,1,105
202.198.27.157,1,40
163.33.141.152,10,5032
202.204.63.95,1,48
163.33.246.144,1,220
150.75.163.67,1,40
163.33.212.143,1,40
150.75.163.48,1,40
133.149.111.38,1,40
133.149.93.189,2,80
202.198.23.186,1,40
133.149.215.88,1,44
133.11.112.225,1,40
163.33.174.55,1,44
133.11.100.202,1,40
133.11.100.62,1,40
203.77.107.26,1,40
150.75.211.187,1,52
202.25.109.157,1,64
133.11.125.193,1,40
133.11.112.139,1,40
133.11.125.211,1,40
133.149.186.121,1,40
163.33.119.240,1,40
150.75.206.44,1,40
133.11.77.3,1,60
133.11.116.109,1,44
150.75.74.140,1,40
150.75.142.157,1,40
163.33.62.106,1,40
203.77.49.227,1,40
150.75.223.125,1,40
203.77.108.102,1,40
150.75.104.178,1,40
163.33.182.118,1,40
133.149.57.3,1,40
133.11.112.186,1,40
133.11.90.59,1,40
202.198.45.217,1,40
163.33.68.11,1,40
203.77.115.177,1,40
133.149.144.248,1,44
203.77.20.253,1,40
163.33.49.90,1,52
133.11.79.20,1,40
163.33.123.221,1,40
203.77.36.125,1,40
133.149.165.40,1,40
133.149.113.251,1,40
133.11.106.215,1,40
133.149.84.119,1,40
163.33.140.232,1,40
203.77.47.105,1,40
133.11.99.22,1,40
163.33.92.109,4,5580
133.149.157.21,1,40
150.75.215.89,1,40
150.75.35.220,1,40
163.33.15.147,1,40
133.11.108.255,1,40
133.11.68.221,1,60
163.33.176.68,1,121
202.198.27.63,1,40
150.75.223.109,1,40
163.33.96.92,1,40
203.77.72.7,1,40
133.149.103.42,1,40
163.33.48.59,1,44
163.33.140.52,1,40
133.149.167.32,1,40
203.77.31.206,1,40
133.149.184.126,1,40
133.149.241.149,1,40
163.33.93.211,33,1807
133.149.164.238,1,40
150.75.6.173,1,40
163.33.124.143,1,40
150.75.166.209,1,44
133.11.110.85,1,40
133.11.64.180,1,40
163.33.89.30,1,40
150.75.163.4,1,40
150.75.202.148,1,40
150.75.83.17,1,40
150.75.107.240,1,52
133.11.112.134,1,40
133.11.119.32,1,40
133.149.24.12,1,40
133.149.191.98,1,40
150.75.32.12,1,40
150.75.146.156,1,40
150.75.185.70,1,48
133.149.118.132,1,40
150.75.0.231,1,40
133.149.141.66,1,40
133.149.124.5,1,40
150.75.41.51,1,44
150.75.41.119,1,40
163.33.81.30,1,64
133.149.180.178,1,44
133.149.138.89,1,44
133.149.237.215,1,40
202.25.107.217,1,40
133.149.50.95,1,40
133.149.131.21,1,40
133.149.113.104,1,40
163.33.188.47,3,938
150.75.34.207,1,40
163.33.239.117,1,44
202.198.42.250,1,40
150.75.140.37,1,40
133.11.127.230,1,40
163.33.207.211,1,40
133.149.116.245,1,44
203.77.61.178,1,40
150.75.252.110,1,40
203.77.73.236,2,80
202.198.18.15,1,40
133.11.70.16,1,60
163.33.189.184,1,40
163.33.166.244,1,40
150.75.123.135,1,40
163.33.139.222,1,40
163.33.245.169,1,52
133.11.88.119,1,40
163.33.24.141,1,64
133.149.141.217,1,40
133.149.169.146,1,40
133.149.197.74,1,40
150.75.248.253,1,28
133.149.152.87,2,80
133.149.213.89,1,40
133.149.38.247,1,40
133.11.101.215,1,40
133.11.79.19,1,40
133.149.5.60,1,44
133.11.74.54,1,60
133.149.209.159,1,40
150.75.194.141,1,40
163.33.113.121,1,40
133.149.51.219,1,40
150.75.155.81,1,40
202.198.24.250,1,40
133.149.192.17,1,40
133.149.70.239,1,52
133.149.113.113,1,40
133.149.164.218,1,40
202.198.9.6,2,120
150.75.75.96,1,40
203.77.78.7,1,40
203.77.37.15,1,44
163.33.168.88,1,50
133.11.65.13,1,40
133.149.234.69,1,40
150.75.26.73,1,60
163.33.24.13,1,44
203.77.21.129,1,40
203.77.2.205,1,40
150.75.171.183,1,40
203.77.43.79,1,40
133.11.73.93,1,40
203.77.28.155,1,40
133.149.183.181,1,40
133.149.123.212,1,40
203.77.51.186,1,40
163.33.131.37,1,40
133.11.79.4,1,40
133.11.92.178,1,40
150.75.139.132,1,40
133.11.125.28,1,40
133.149.78.45,1,40
163.33.77.238,1,40
133.149.64.99,1,40
133.11.118.10,1,40
150.75.193.234,1,44
133.149.161.65,1,40
202.204.62.152,7,443
133.149.84.150,1,40
133.11.84.74,1,60
133.149.22.16,1,40
150.75.87.249,1,40
163.33.199.115,1,40
133.149.176.14,1,40
133.149.8.19,1,40
133.149.215.109,1,40
133.11.117.133,1,40
133.149.233.201,1,40
150.75.246.154,1,40
133.149.10.77,1,44
163.33.238.151,1,361
163.33.95.92,8,2518
163.33.60.200,1,40
133.149.130.126,1,40
163.33.221.197,1,40
203.77.36.106,1,44
133.149.231.107,1,40
163.33.168.48,1,40
163.33.30.126,1,40
133.11.127.8,1,44
133.149.243.29,1,40
203.77.38.158,1,40
150.75.102.150,1,44
202.198.44.135,1,40
163.33.95.81,1,40
202.198.25.132,1,40
133.11.90.180,1,60
163.33.203.0,3,163
133.149.113.130,1,40
133.149.79.54,1,40
133.149.43.247,1,40
133.149.96.56,1,40
133.149.118.227,1,40
150.75.71.205,1,40
163.33.236.236,1,44
203.77.49.1,1,40
133.149.196.187,1,40
133.149.191.188,1,40
150.75.248.49,1,40
150.75.49.22,1,40
150.75.93.169,1,40
150.75.34.163,1,40
150.75.196.209,1,40
133.149.224.54,1,40
133.149.141.105,1,40
150.75.207.108,2,84
150.75.131.227,1,44
163.33.178.24,1,52
202.198.10.209,1,44
163.33.123.36,1,40
202.198.27.156,1,40
133.149.191.4,1,40
133.149.111.2,1,40
150.75.65.149,1,40
150.75.12.218,1,40
163.33.191.241,401,538510
203.77.17.230,1,40
202.204.57.228,1,40
203.77.41.106,1,40
133.11.99.221,1,44
150.75.168.71,1,40
163.33.172.219,1,40
203.77.127.71,2,80
163.33.240.110,1,40
150.75.24.185,1,40
150.75.227.163,1,44
133.149.195.115,1,40
203.77.21.73,1,40
163.33.63.70,1,40
163.33.236.32,1,40
133.149.253.1,1,40
150.75.169.72,1,40
203.77.54.203,1,40
163.33.151.206,1,40
163.33.0.49,1,48
202.15.129.255,1,40
150.75.183.40,1,40
150.75.227.25,1,40
163.33.239.79,1,52
163.33.244.143,1,40
133.11.92.237,1,44
202.198.3.107,1,40
150.75.201.200,1,40
133.149.75.119,1,44
203.77.71.112,1,40
133.149.137.209,1,40
133.11.104.72,2,88
150.75.143.184,1,40
163.33.110.28,1,40
163.33.93.87,1,48
202.198.19.91,1,40
163.33.82.53,1,40
133.11.116.238,1,40
133.149.96.118,1,40
133.149.33.149,1,40
133.11.99.126,2,161
133.149.162.12,1,40
150.75.248.75,1,40
150.75.167.7,1,40
133.11.89.138,1,40
133.149.139.32,1,44
203.77.12.59,1,40
150.75.183.127,1,52
163.33.201.128,1,40
133.149.139.155,1,44
133.149.4.145,1,40
203.77.101.2,1,44
163.33.36.104,1,40
163.33.94.1,2,104
203.77.84.113,1,40
150.75.119.213,1,48
133.149.118.253,1,40
133.11.80.178,1,60
203.77.83.65,1,60
133.11.120.193,1,40
133.149.198.19,1,52
150.75.32.206,3,132
203.77.28.4,1,40
163.33.232.138,6,684
163.33.188.28,1,115
133.149.151.207,1,40
163.33.123.159,1,40
203.77.117.1,1,48
150.75.233.139,1,40
133.149.121.175,1,40
163.33.199.101,1,40
150.75.74.61,3,160
150.75.175.188,1,40
163.33.168.218,1,40
133.149.249.212,1,40
203.77.93.133,1,44
163.33.57.24,3,1405
133.149.150.68,1,60
150.75.17.36,1,44
163.33.153.24,1,40
150.75.77.226,1,40
133.11.93.120,1,48
163.33.242.180,1,40
203.77.82.86,1,40
163.33.179.11,1,40
163.33.191.226,1,87
150.75.118.229,1,44
203.77.105.116,1,40
163.33.223.242,1,40
163.33.167.43,1,40
133.149.250.123,1,40
133.149.223.0,1,44
202.204.62.189,3,377
202.198.50.238,1,72
133.149.195.168,1,40
163.33.88.9,1,40
203.77.50.51,1,51
150.75.177.125,1,32
133.11.69.78,1,40
202.198.63.179,1,40
150.75.33.249,1,40
150.75.93.187,1,40
150.75.45.9,1,40
133.149.118.44,1,40
150.75.187.54,1,40
163.33.238.57,1,40
150.75.225.230,1,40
133.11.113.232,1,40
163.33.236.124,1,40
163.33.245.111,1,69
150.75.107.132,1,40
163.33.183.83,1,40
163.33.0.74,1,52
202.204.58.209,1,44
150.75.92.20,3,120
133.149.61.125,1,40
133.149.173.65,1,40
163.33.206.32,1,44
133.149.54.91,1,40
150.75.194.80,1,40
203.77.96.91,1,40
163.33.224.91,1,40
163.33.86.111,1,40
163.33.51.148,1,40
150.75.244.67,1,44
163.33.90.79,1,40
203.77.114.242,1,40
163.33.63.20,1,40
202.198.49.28,1,44
203.77.99.114,1,40
203.77.17.161,1,40
203.77.52.185,1,37
150.75.193.121,1,40
133.149.171.239,1,40
133.11.84.185,1,40
163.33.217.46,1,40
133.149.166.36,1,40
163.33.142.229,1,40
163.33.111.205,5,408
202.204.63.11,1,40
133.149.244.118,1,52
203.77.22.238,1,40
133.149.179.54,1,40
203.77.10.89,1,40
150.75.1.42,1,40
133.149.129.171,1,40
150.75.113.214,1,40
133.149.219.71,1,40
163.33.170.200,1,40
133.149.162.148,1,44
203.77.90.186,1,40
150.75.174.14,1,40
150.75.39.233,1,52
163.33.101.158,1,40
133.149.118.157,1,40
150.75.113.171,1,40
163.33.174.41,2,111
150.75.213.251,1,40
133.11.90.233,1,60
133.149.168.138,1,40
150.75.134.89,1,40
133.11.85.147,1,40
202.198.56.227,1,40
133.11.99.128,1,40
133.149.203.38,1,40
150.75.105.76,1,40
133.149.67.175,1,44
203.77.49.103,1,44
133.11.92.94,1,60
163.33.96.241,1,40
150.75.174.141,1,44
203.77.29.33,1,40
150.75.155.254,1,40
133.11.96.114,1,40
150.75.156.230,1,40
133.149.219.150,1,40
150.75.74.166,1,40
150.75.182.203,1,44
150.75.24.135,1,40
163.33.223.116,1,40
133.11.113.217,1,40
150.75.128.36,1,40
150.75.167.10,1,40
163.33.11.254,1,40
150.75.167.4,1,40
163.33.163.67,1,40
163.33.250.70,1,40
150.75.104.149,1,40
150.75.154.58,1,40
163.33.171.218,1,40
133.11.101.83,1,40
203.77.76.13,2,104
163.33.44.118,1,40
203.77.99.34,1,121
133.11.78.125,1,60
133.149.177.152,1,121
133.149.84.86,1,44
133.149.235.123,1,44
163.33.227.205,1,44
163.33.168.75,1,40
133.149.25.224,1,44
150.75.69.195,1,40
202.198.34.25,2,80
150.75.95.28,1,40
163.33.165.32,1,40
203.77.119.95,1,44
133.149.207.22,1,40
133.149.107.208,1,40
203.77.99.22,1,40
203.77.53.67,1,40
163.33.168.165,3,156
202.198.54.31,1,44
202.198.39.176,1,40
133.149.169.13,1,40
150.75.69.218,1,40
150.75.216.49,1,40
150.75.126.193,1,40
133.149.54.133,1,40
202.198.47.66,1,40
203.77.24.37,1,44
150.75.137.88,1,40
150.75.149.251,1,40
150.75.25.135,1,40
163.33.86.21,1,40
133.11.81.20,1,40
150.75.22.55,1,40
163.33.205.68,1,40
203.77.120.125,2,188
133.11.116.114,1,44
163.33.36.255,1,112
202.198.2.221,1,40
150.75.45.163,1,44
203.77.116.244,1,116
163.33.32.40,1,40
163.33.186.189,1,40
133.11.106.140,1,44
150.75.198.161,1,40
163.33.151.186,1,40
163.33.171.76,1,40
163.33.239.141,2,104
133.149.109.250,1,40
150.75.88.120,1,40
133.149.239.29,1,40
133.149.144.86,1,40
163.33.62.173,6,1199
133.11.94.185,1,40
150.75.205.17,1,40
163.33.227.235,1,44
133.149.193.155,1,40
150.75.205.5,1,40
150.75.53.70,1,60
150.75.160.231,1,40
150.75.204.9,1,40
150.75.70.92,1,40
150.75.185.162,1,40
133.149.85.159,1,40
163.33.35.120,1,40
133.149.203.121,1,44
150.75.166.69,1,44
163.33.157.12,1,40
203.77.122.235,1,40
163.33.48.68,2,84
150.75.45.191,1,44
150.75.145.237,1,40
150.75.145.246,1,40
133.149.55.160,1,44
133.149.201.210,1,40
150.75.68.230,1,40
163.33.57.38,2,128
163.33.208.135,1,40
133.149.212.227,1,40
133.149.255.71,4,246
163.33.119.220,1,40
150.75.172.18,1,40
163.33.231.117,1,52
163.33.211.128,1,40
133.149.150.161,1,40
150.75.67.253,1,44
203.77.10.228,1,92
150.75.73.21,1,40
150.75.149.234,1,40
203.77.82.111,1,44
163.33.206.45,1,40
133.149.231.251,1,40
150.75.184.19,1,40
150.75.110.124,1,40
133.149.177.120,1,40
133.11.91.190,1,44
202.198.51.233,1,40
133.149.221.175,1,40
133.149.0.54,1,40
163.33.139.144,1,64
133.149.11.144,1,40
163.33.62.169,4,537
133.11.68.98,1,52
133.149.107.126,1,44
150.75.224.240,1,40
133.149.223.9,2,80
150.75.0.239,1,40
163.33.123.40,2,104
163.33.250.165,1,40
133.149.195.195,1,40
163.33.153.146,1,44
163.33.113.152,1,40
133.149.151.82,1,40
203.77.43.80,1,40
150.75.54.115,1,44
133.149.234.100,1,40
163.33.48.36,1,40
163.33.62.133,4,605
163.33.208.65,1,44
133.149.133.164,1,40
203.77.107.124,1,40
163.33.94.13,2,252
202.204.62.42,1,40
133.149.133.176,1,40
133.11.110.142,1,40
150.75.171.24,1,40
133.149.101.186,1,40
202.204.62.169,5,267
133.11.97.89,1,40
163.33.131.5,2,1298
202.198.37.219,1,40
133.149.79.153,1,40
150.75.107.24,1,40
150.75.60.215,1,40
133.149.51.126,1,40
150.75.155.189,1,40
202.198.27.255,1,40
133.149.106.232,1,40
150.75.121.240,1,44
163.33.43.27,1,76
203.77.85.157,2,100
133.149.20.182,1,44
150.75.174.25,1,40
163.33.94.175,14,9369
133.149.28.85,1,40
150.75.255.153,1,40
150.75.14.171,1,40
133.149.95.141,1,44
133.149.110.42,1,40
150.75.14.174,1,40
150.75.168.92,1,40
203.77.127.97,1,40
133.11.70.238,1,40
133.149.121.117,1,40
163.33.175.170,1,40
163.33.16.178,1,40
133.149.198.90,1,40
150.75.165.57,1,40
150.75.80.88,1,40
133.11.87.246,1,44
133.11.87.154,3,120
163.33.62.174,3,653
150.75.146.57,1,44
150.75.141.23,1,40
203.77.39.255,1,40
163.33.219.33,1,40
163.33.221.222,1,40
150.75.97.124,1,44
203.77.58.110,1,40
133.149.197.93,1,40
133.11.106.213,1,40
203.77.89.211,1,40
133.149.121.81,1,40
163.33.198.0,1,40
163.33.140.99,1,44
133.149.7.67,1,40
150.75.165.75,1,44
133.149.117.157,1,44
163.33.112.219,1,56
133.149.199.112,1,40
133.149.36.68,1,40
133.11.79.235,2,260
133.11.69.58,1,40
163.33.8.38,1,40
203.77.49.67,1,40
150.75.252.113,1,40
203.77.88.240,1,40
133.11.71.211,1,44
163.33.2.216,1,40
133.149.153.93,1,52
150.75.236.131,1,40
150.75.189.198,1,40
163.33.132.86,3,228
133.11.90.127,1,52
133.149.103.184,1,40
133.149.137.62,1,40
202.198.18.53,1,44
203.77.0.69,1,40
133.11.122.41,1,40
133.11.123.64,1,40
133.149.91.125,1,40
203.77.70.159,1,44
163.33.12.66,1,44
163.33.53.118,1,40
133.11.123.172,1,60
133.11.127.236,1,40
150.75.227.192,1,40
133.11.87.171,1,40
163.33.66.132,1,40
133.149.31.118,1,40
202.198.42.115,1,40
150.75.201.128,1,40
133.149.121.208,1,40
133.149.35.110,1,44
202.204.60.120,3,188
133.11.67.31,1,40
202.198.26.147,1,40
163.33.82.181,1,44
202.198.20.255,1,40
203.77.120.150,2,80
163.33.61.246,1,68
203.77.117.177,1,40
133.149.126.237,1,40
133.11.124.219,1,45
133.149.215.57,1,40
133.11.77.86,1,40
133.149.212.52,1,40
133.11.97.67,1,44
133.149.248.139,1,40
150.75.93.111,1,40
150.75.234.174,1,40
150.75.152.51,1,40
150.75.40.164,1,40
202.204.57.238,2,80
133.149.54.128,1,40
133.149.194.212,1,44
150.75.232.146,1,40
163.33.219.83,1,44
133.149.236.24,1,40
163.33.127.130,1,40
133.11.80.236,1,40
150.75.194.9,1,40
163.33.141.193,6,831
163.33.47.106,1,28
150.75.227.176,1,40
150.75.167.75,1,40
163.33.124.86,1,44
150.75.41.211,1,44
163.33.241.123,1,40
163.33.184.255,1,40
133.149.2.34,1,40
133.11.119.249,1,40
133.11.77.92,1,40
203.77.99.27,1,44
133.149.251.2,5,931
133.11.106.29,1,40
133.11.95.117,1,40
203.77.109.219,1,40
133.149.154.165,1,40
163.33.219.6,1,40
163.33.93.143,1,88
163.33.76.162,1,40
203.77.53.66,1,52
133.149.162.45,1,40
133.11.92.69,1,40
150.75.219.186,1,40
203.77.33.249,1,40
150.75.21.18,1,40
150.75.180.230,1,44
133.149.87.231,1,40
163.33.93.4,4,317
150.75.164.212,1,40
133.149.144.232,1,40
133.149.254.135,1,125
133.149.205.169,1,40
150.75.124.199,1,44
163.33.21.165,1,40
203.77.117.175,1,60
163.33.193.28,1,40
133.149.107.202,1,40
202.204.63.98,1,40
150.75.227.32,1,40
133.149.167.205,1,40
202.198.33.24,1,52
133.11.94.105,1,40
203.77.118.191,1,136
202.198.2.12,1,40
163.33.151.134,1,44
150.75.103.6,1,40
163.33.201.150,1,40
133.149.75.31,1,40
133.149.177.118,1,40
203.77.11.122,1,40
163.33.143.137,1,40
133.11.115.235,1,40
133.149.86.46,1,40
150.75.166.43,1,40
133.149.216.53,1,40
133.149.39.219,1,40
202.198.4.109,1,40
163.33.93.71,3,181
133.11.100.113,1,44
203.77.87.215,1,40
150.75.247.191,1,40
150.75.100.125,1,40
163.33.253.59,1,40
163.33.141.41,1,40
150.75.172.6,1,40
150.75.33.186,1,40
133.11.104.89,1,40
163.33.82.33,1,40
150.75.166.120,1,44
202.25.107.182,1,64
203.77.35.51,1,40
133.149.105.0,1,40
150.75.27.87,1,40
150.75.99.115,1,44
203.77.103.155,1,40
133.149.76.189,1,40
163.33.115.81,1,44
163.33.244.165,1,40
133.11.119.82,1,40
203.77.0.229,1,40
150.75.176.3,1,40
133.149.57.121,1,40
163.33.95.101,6,1681
163.33.168.177,1,314
133.149.59.171,1,40
203.77.49.202,1,40
133.149.227.15,1,40
203.77.47.95,1,40
163.33.193.108,1,40
133.11.86.103,1,40
203.77.114.92,1,40
202.198.59.89,1,40
163.33.51.254,1,40
163.33.12.104,43,57843
150.75.142.195,1,44
133.11.110.243,1,40
203.77.126.2,5,575
163.33.124.110,1,40
133.149.124.187,1,40
133.149.56.43,1,40
150.75.254.200,1,40
163.33.102.26,1,40
150.75.164.42,1,40
133.149.216.22,1,40
133.149.222.105,1,40
163.33.63.130,6,1616
150.75.113.116,1,40
133.149.17.202,1,40
203.77.64.225,1,40
163.33.0.69,1,40
133.149.235.106,1,44
163.33.35.64,1,44
133.11.98.208,1,40
133.149.71.83,1,40
133.149.170.123,1,40
150.75.98.223,1,40
150.75.123.132,1,40
133.149.88.38,1,40
163.33.140.51,1,112
133.149.67.84,1,40
133.149.189.46,1,40
163.33.71.33,1,40
150.75.131.63,1,40
133.11.103.254,5,200
133.149.65.146,1,40
202.198.41.90,1,40
163.33.184.61,1,44
133.149.57.32,1,40
163.33.140.248,15,3635
163.33.48.129,1,76
150.75.77.252,1,40
133.149.38.74,1,40
163.33.126.41,1,40
133.11.95.42,1,40
133.11.78.176,1,40
133.149.171.10,1,40
163.33.162.207,1,40
163.33.29.17,1,40
203.77.52.145,1,40
163.33.68.155,1,40
150.75.86.85,1,40
202.198.24.247,1,40
133.11.66.8,1,40
150.75.134.105,1,40
133.149.118.35,1,40
163.33.36.222,1,114
203.77.45.158,1,40
150.75.190.252,1,40
133.149.195.248,1,40
150.75.113.255,1,40
150.75.244.1,1,40
163.33.148.64,1,40
163.33.107.170,1,44
133.149.106.126,1,40
133.11.102.71,1,48
150.75.127.197,1,44
150.75.245.218,1,40
163.33.220.164,1,40
163.33.196.142,1,40
202.198.18.107,1,44
150.75.196.203,1,52
163.33.221.128,1,40
150.75.68.160,1,40
133.149.122.65,1,40
150.75.41.229,1,40
133.149.5.219,1,40
133.11.99.58,1,40
163.33.122.157,1,40
163.33.77.48,1,44
133.11.67.103,1,28
163.33.57.59,1,40
133.11.67.152,2,80
202.198.44.185,1,79
150.75.216.192,1,44
203.77.11.105,1,44
150.75.249.202,1,40
203.77.101.182,1,40
133.149.215.249,1,40
133.11.125.47,1,44
202.198.20.34,1,40
133.149.38.253,1,40
163.33.60.159,1,40
163.33.40.255,1,40
133.149.215.29,1,40
133.11.97.81,1,40
133.149.111.191,1,40
163.33.62.175,6,1508
163.33.93.44,1,40
150.75.188.44,1,40
133.11.93.73,1,40
150.75.102.176,1,40
133.149.109.241,1,40
150.75.109.115,1,40
163.33.26.61,1,40
150.75.121.139,1,40
133.11.116.164,1,40
163.33.255.195,1,121
203.77.105.216,1,44
133.149.247.150,1,40
133.149.0.84,1,52
133.149.72.13,1,40
133.149.87.221,1,40
203.77.71.92,1,40
202.198.35.177,1,40
150.75.238.106,1,40
163.33.239.39,1,40
202.204.61.230,1,40
163.33.63.168,4,1430
163.33.140.222,1485,2040735
203.77.33.224,1,40
133.11.108.20,1,40
150.75.245.161,1,40
202.198.43.229,1,40
133.149.70.136,1,40
203.77.16.126,1,40
133.149.145.238,1,40
133.149.49.13,1,40
133.11.70.205,2,135
150.75.156.62,1,40
163.33.209.46,1,44
133.11.73.223,1,40
163.33.176.88,1,40
133.149.146.233,1,40
150.75.201.176,1,40
202.198.42.174,1,40
133.149.83.128,1,40
163.33.193.95,1,40
202.25.109.29,1,64
203.77.20.117,1,40
150.75.210.96,1,40
133.149.15.141,1,40
133.149.60.9,1,40
163.33.120.229,1,40
163.33.208.252,1,40
163.33.167.86,1,40
202.198.50.147,1,40
133.149.200.196,1,40
163.33.242.23,1,40
163.33.244.73,2,132
133.11.121.209,1,40
150.75.174.209,1,44
202.198.18.196,1,44
133.11.99.216,1,40
150.75.140.120,1,40
202.198.20.14,1,40
133.11.103.46,1,40
163.33.57.48,1,40
163.33.92.170,3,184
150.75.144.157,1,40
133.149.126.117,1,40
150.75.61.3,1,68
163.33.155.55,1,40
150.75.144.42,1,40
163.33.64.198,1,69
163.33.14.187,1,52
203.77.79.235,1,52
163.33.37.128,1,121
163.33.31.112,1,44
163.33.1.65,1,44
150.75.34.253,1,44
203.77.105.16,1,40
133.149.48.252,1,44
163.33.175.246,2,80
133.149.3.73,1,40
150.75.39.219,1,44
133.149.119.133,1,40
203.77.83.141,1,40
150.75.219.34,1,40
150.75.59.119,1,44
133.149.16.43,1,40
150.75.246.211,1,40
133.149.139.34,1,40
163.33.99.73,2,104
163.33.251.48,1,40
163.33.231.238,1,40
202.25.109.86,1,40
163.33.60.18,1,40
150.75.67.180,1,44
202.25.107.130,2,100
150.75.7.219,1,40
133.149.48.78,1,44
163.33.192.21,1,40
150.75.127.151,1,40
163.33.217.249,1,44
150.75.90.6,2,80
150.75.88.190,1,40
150.75.19.4,1,40
150.75.122.7,1,40
150.75.101.200,1,40
133.11.102.144,1,44
163.33.250.231,3,377
150.75.229.31,1,40
163.33.132.3,1,40
150.75.88.243,1,44
133.149.158.109,1,44
150.75.254.216,1,40
163.33.18.29,1,40
150.75.147.155,1,40
150.75.124.162,7,455
133.149.80.197,1,40
150.75.199.72,1,60
163.33.204.22,1,48
133.149.207.117,1,40
150.75.219.123,1,40
163.33.77.141,1,40
150.75.237.50,1,44
163.33.251.140,1,40
163.33.64.3,1,40
202.198.38.68,1,40
163.33.137.119,1,40
163.33.208.242,1,40
133.149.60.38,1,60
150.75.131.120,1,44
163.33.197.216,1416,1942702
133.11.72.234,1,40
163.33.49.223,1,40
150.75.219.0,1,40
133.149.148.156,1,40
133.149.150.128,1,40
150.75.76.170,1,40
163.33.86.227,1,40
163.33.123.63,1,40
150.75.173.27,1,40
163.33.131.6,1,44
163.33.65.191,1,40
163.33.197.104,1,44
163.33.47.218,1,40
163.33.83.196,1,58
163.33.72.99,1,40
133.149.85.226,1,40
133.149.131.187,1,40
150.75.77.195,1,40
203.77.43.184,1,40
203.77.15.3,1,40
133.149.86.157,2,80
202.198.60.210,1,40
203.77.29.226,1,44
133.149.70.109,1,44
133.149.211.209,1,40
133.11.79.119,1,40
133.149.253.12,2,80
133.149.127.154,1,40
163.33.239.113,13,17966
150.75.110.239,1,40
163.33.58.127,1,40
133.11.81.151,1,48
163.33.96.187,1,44
202.204.58.140,1,40
163.33.222.83,1,40
163.33.98.87,1,48
133.149.95.75,1,40
163.33.86.173,1,40
163.33.144.9,1,40
133.149.245.6,1,44
163.33.146.74,1,52
203.77.9.215,1,44
133.149.59.137,1,40
163.33.141.90,1,40
202.198.17.212,1,44
202.198.32.53,1,40
133.149.119.4,1,44
163.33.231.0,1,40
163.33.157.114,1,40
163.33.95.68,2,221
133.149.198.193,1,40
203.77.121.102,9,1433
203.77.112.179,1,91
163.33.120.161,1,40
150.75.73.33,1,52
202.204.60.6,2,96
133.149.204.143,1,40
202.198.53.73,1,44
150.75.249.18,1,52
163.33.0.220,1,40
163.33.201.135,1,40
133.149.34.225,1,40
163.33.159.90,1,40
202.198.38.70,1,40
163.33.176.56,1,40
163.33.153.39,1,44
163.33.244.187,1,44
133.149.68.87,1,44
150.75.233.186,1,40
163.33.253.241,1,51
133.149.0.185,1,40
150.75.233.151,1,40
133.149.52.181,1,40
150.75.206.154,1,40
163.33.207.148,1,40
133.149.244.202,1,40
133.149.130.30,1,40
150.75.32.69,1,40
163.33.74.141,1,40
203.77.11.167,1,40
150.75.89.64,1,44
150.75.238.13,1,40
163.33.4.30,1,40
150.75.127.108,1,40
133.149.153.44,1,40
133.149.234.56,1,40
163.33.244.132,1,40
150.75.16.182,1,40
133.149.144.239,1,44
133.149.246.99,1,44
133.149.116.166,1,40
163.33.255.157,2,88
163.33.21.224,1,40
163.33.98.208,1,40
150.75.32.244,1,29
202.198.20.6,1,40
133.149.89.216,1,40
163.33.192.148,2,84
133.11.71.143,1,40
202.198.44.132,2,138
133.149.65.205,1,40
203.77.34.78,1,40
163.33.122.134,1,40
150.75.93.245,1,44
163.33.233.106,1,313
202.25.109.255,1,40
163.33.9.5,2,120
150.75.222.157,1,40
163.33.119.185,1,44
163.33.242.244,1,40
163.33.78.96,1,40
133.11.104.187,1,40
163.33.17.8,1,40
133.11.75.67,1,40
133.149.187.203,1,40
133.11.108.92,1,40
133.149.117.45,1,40
163.33.169.174,1,44
150.75.156.171,1,40
163.33.0.222,1,40
133.149.157.169,1,40
203.77.43.220,1,48
163.33.140.169,2,138
133.11.107.105,1,40
133.149.221.180,1,40
133.11.83.140,1,40
163.33.234.2,1,40
163.33.74.99,1,40
150.75.10.178,1,44
133.149.153.15,1,40
133.149.193.99,1,44
133.149.69.31,1,40
163.33.177.87,1,40
163.33.149.88,1,40
163.33.160.144,1,40
202.204.63.155,1,40
163.33.144.255,1,40
133.149.5.27,1,44
150.75.24.197,1,40
150.75.99.197,1,40
150.75.24.140,1,40
203.77.35.14,1,40
163.33.19.67,1,40
163.33.103.97,1,40
133.11.87.176,1,40
133.149.214.113,1,40
133.11.67.56,1,44
150.75.93.38,1,44
133.149.205.129,1,40
202.204.58.133,1,40
163.33.243.64,1,44
133.149.153.37,1,40
133.149.195.126,1,40
133.149.145.252,1,44
150.75.205.154,1,40
133.11.74.29,1,40
133.149.75.175,1,40
133.149.159.145,1,40
150.75.20.174,1,40
163.33.115.155,1,40
150.75.29.88,1,70
150.75.207.160,1,44
133.149.248.215,1,44
203.77.34.165,1,40
150.75.112.120,1,52
133.149.173.101,1,40
133.11.115.128,1,40
202.198.50.127,1,40
163.33.217.115,1,40
133.11.118.167,1,40
133.11.72.74,1,40
150.75.33.163,1,40
163.33.130.143,1,40
163.33.84.96,1,44
203.77.34.131,1,40
163.33.93.92,3,450
163.33.141.51,25,3643
150.75.53.126,1,40
203.77.49.226,1,40
203.77.127.184,1,44
133.149.102.61,1,40
163.33.73.165,1,40
163.33.58.141,1,40
133.149.154.97,1,40
133.149.187.133,1,40
133.149.128.212,1,40
202.198.53.61,1,40
150.75.27.41,1,40
150.75.78.7,1,40
133.11.68.210,1,40
203.77.3.252,1,48
150.75.177.132,1,40
133.149.184.199,1,40
150.75.189.159,1,40
163.33.5.123,1,40
133.149.1.30,1,40
133.149.94.64,1,40
203.77.60.147,1,40
150.75.113.186,1,44
163.33.203.32,1,60
163.33.26.102,1,40
202.198.22.153,1,60
163.33.231.63,1,52
150.75.108.28,1,40
150.75.208.150,1,40
133.149.204.190,1,60
133.11.83.0,1,40
202.198.58.77,1,40
163.33.191.218,1,52
202.25.107.188,1,52
203.77.126.59,1,84
150.75.147.62,1,44
150.75.144.150,1,121
150.75.78.2,1,40
150.75.170.70,1,40
163.33.120.45,1,40
202.198.9.172,1,40
202.204.62.11,6,6681
163.33.52.201,1,40
163.33.229.61,1,58
133.149.118.99,1,40
133.11.91.115,1,40
133.11.116.120,1,40
133.149.6.80,1,40
163.33.217.127,1,40
163.33.8.122,1,40
150.75.34.44,1,40
133.149.24.137,1,40
203.77.60.65,1,40
163.33.50.27,1,40
150.75.119.5,1,40
133.149.205.30,1,40
163.33.94.112,9,1336
163.33.62.98,2,104
163.33.64.203,1,40
150.75.189.131,1,40
150.75.218.243,1,60
133.149.190.87,1,40
150.75.121.255,1,40
163.33.86.142,1,44
163.33.94.16,1,40
163.33.19.195,1,44
133.149.228.230,2,80
163.33.0.190,1,114
133.149.22.31,1,40
133.149.224.252,1,40
203.77.126.193,1,40
163.33.63.96,1,40
203.77.19.51,1,44
202.198.36.202,1,40
150.75.195.103,1,40
202.204.58.115,1,40
163.33.185.228,2,1822
133.149.166.91,1,40
203.77.20.134,1,40
150.75.223.222,1,40
133.149.5.202,1,40
150.75.165.78,1,121
150.75.110.97,1,40
150.75.182.110,1,44
203.77.94.212,1,40
133.149.187.175,1,40
133.149.155.32,1,40
133.149.1.18,1,40
133.11.119.143,1,40
202.204.62.172,1,40
163.33.167.164,1,40
163.33.224.35,1,40
202.198.15.190,1,40
150.75.250.161,1,40
163.33.13.14,1,40
133.149.202.249,1,44
133.149.78.174,1,40
163.33.140.94,3,413
203.77.127.103,1,44
133.11.110.111,1,40
150.75.243.251,1,40
133.149.7.29,1,40
163.33.209.207,1,40
163.33.4.124,1,40
133.149.84.165,1,40
163.33.94.10,1,115
163.33.92.166,1,40
163.33.105.156,1,40
163.33.74.10,1,40
150.75.11.95,1,40
150.75.245.200,1,40
133.149.149.240,1,40
163.33.105.194,1,40
150.75.27.227,1,40
163.33.84.199,1,40
203.77.69.82,1,40
133.149.159.181,1,40
133.149.224.189,1,40
163.33.71.122,10,3410
133.149.164.144,1,58
163.33.79.237,1,40
203.77.66.178,1,44
133.149.211.49,1,40
150.75.62.99,1,40
133.11.104.127,1,40
163.33.141.60,1,68
163.33.8.165,1,40
203.77.88.84,1,40
163.33.12.100,21,5684
133.149.79.238,1,44
150.75.245.198,1,40
163.33.106.152,1,40
163.33.235.155,1,40
203.77.101.252,1,40
150.75.60.104,1,40
203.77.119.219,1,40
133.149.105.185,1,40
133.149.4.47,1,40
133.149.150.113,1,40
150.75.248.105,1,40
163.33.234.130,1,40
163.33.5.243,1,44
163.33.105.160,1,40
150.75.188.162,1,40
133.149.172.27,1,40
150.75.120.20,1,48
163.33.119.248,1,40
163.33.245.208,1,40
133.149.248.200,1,40
163.33.118.98,1,40
163.33.95.116,2,88
163.33.62.168,5,1916
202.198.63.74,1,40
203.77.48.213,1,40
133.11.71.86,1,40
133.149.241.147,1,44
202.198.26.206,1,40
202.198.59.177,1,40
163.33.64.140,1,44
163.33.8.182,1,40
133.149.15.244,1,40
150.75.198.5,1,40
133.11.81.92,1,44
203.77.0.192,1,40
163.33.232.171,1,40
163.33.110.173,1,40
133.149.16.5,1,40
163.33.132.65,1,137
133.149.26.179,1,40
150.75.214.70,1,40
133.149.160.180,1,40
150.75.69.170,1,40
163.33.165.224,1,40
133.11.124.242,1,40
150.75.69.183,1,40
202.198.51.203,1,40
150.75.49.137,1,40
150.75.128.7,1,40
150.75.121.193,1,40
203.77.3.166,1,40
163.33.169.150,1,44
150.75.90.72,1,40
133.149.69.196,1,40
150.75.127.180,1,40
133.149.114.104,1,40
150.75.127.43,1,28
150.75.181.207,1,40
163.33.95.215,84,106909
133.11.122.231,1,44
133.149.169.69,1,44
133.149.4.233,1,40
133.149.220.37,1,40
163.33.226.0,1,40
133.149.144.156,1,29
133.11.89.153,1,44
133.11.121.32,1,40
133.11.108.99,1,40
203.77.52.189,1,40
150.75.127.55,1,28
133.149.148.81,1,44
163.33.13.21,1,40
163.33.7.93,1,44
163.33.140.236,1,126
133.149.18.87,1,60
133.149.218.148,1,40
163.33.24.196,1,40
150.75.183.212,1,40
202.198.33.17,1,40
163.33.31.11,1,40
133.149.42.24,1,40
133.149.44.198,1,40
163.33.102.243,1,40
133.11.74.202,1,40
150.75.5.237,1,40
133.11.90.57,1,40
163.33.43.237,1,40
163.33.116.128,1,40
133.149.54.77,1,40
150.75.145.98,1,40
202.204.60.247,3,132
163.33.167.201,1,40
163.33.102.211,1,40
150.75.128.183,1,40
163.33.234.231,2,527
133.149.44.165,1,40
163.33.245.51,1,48
133.149.192.251,1,40
133.149.156.41,1,40
150.75.93.224,1,40
163.33.174.19,719,1077336
202.198.51.140,1,44
150.75.251.254,1,40
133.149.127.151,1,40
133.149.24.69,1,40
202.198.9.223,1,40
150.75.239.40,1,40
133.149.229.220,1,40
150.75.74.200,1,40
133.149.82.62,1,40
150.75.91.171,1,40
133.149.35.163,1,40
163.33.171.147,1,40
133.149.172.244,1,40
150.75.210.9,1,40
133.149.197.123,1,40
150.75.183.249,1,40
150.75.126.251,1,40
150.75.100.197,1,40
203.77.20.23,1,40
202.25.107.157,3,120
133.149.32.24,1,40
133.149.246.226,1,40
133.149.160.202,1,40
163.33.168.166,8,2710
133.149.71.153,1,40
133.149.197.199,1,40
133.149.16.236,1,40
163.33.7.174,1,40
150.75.12.141,1,40
203.77.91.221,1,40
163.33.118.167,1,40
150.75.4.175,1,40
150.75.189.212,1,40
133.149.209.53,1,40
150.75.75.101,1,44
203.77.100.243,1,40
133.149.146.249,1,40
133.149.185.135,1,40
150.75.33.116,1,52
203.77.109.12,1,40
133.149.52.105,1,40
163.33.25.87,1,44
203.77.23.88,1,44
150.75.69.135,1,40
163.33.93.52,9,2498
133.149.119.33,1,40
150.75.173.47,1,40
150.75.222.224,1,40
150.75.189.74,1,40
133.149.131.31,1,40
202.198.40.130,2,80
163.33.97.93,1,40
163.33.43.216,1,40
150.75.102.25,1,44
133.11.106.144,1,40
150.75.149.202,1,40
133.149.82.108,1,40
150.75.182.162,1,40
150.75.39.211,1,40
163.33.116.108,1,40
133.149.21.31,1,40
150.75.193.254,1,40
150.75.215.7,1,44
133.149.220.150,1,40
133.11.70.199,1,52
150.75.104.87,1,40
133.149.105.57,2,100
133.11.95.73,1,40
150.75.222.168,2,80
150.75.104.210,1,40
163.33.245.42,1,40
133.149.95.224,1,40
163.33.255.70,1,52
203.77.53.125,1,40
133.149.250.119,1,40
133.149.188.150,1,40
203.77.85.137,2,84
133.149.157.222,1,44
202.25.109.117,1,64
150.75.190.88,1,44
133.149.211.4,1,40
203.77.91.79,1,44
133.11.117.140,1,40
203.77.57.62,1,40
202.204.60.194,5,260
163.33.150.43,1,40
163.33.56.213,1,40
203.77.94.208,1,40
133.149.117.142,1,40
203.77.99.110,1,40
150.75.4.164,1,40
150.75.150.145,1,40
133.149.69.82,1,40
150.75.158.46,1,40
150.75.228.163,1,40
150.75.103.9,1,40
150.75.189.220,1,40
133.149.207.36,1,40
202.198.3.205,1,40
133.11.118.158,1,40
163.33.92.180,1,103
163.33.191.208,1,50
150.75.54.161,1,52
133.149.24.240,1,40
133.149.124.86,1,40
150.75.107.183,1,40
150.75.62.226,1,40
203.77.34.209,1,40
163.33.7.222,1,40
133.149.38.205,1,44
133.149.230.164,1,40
163.33.120.124,1,40
163.33.11.6,1,60
150.75.19.166,1,44
133.149.123.119,1,40
163.33.243.199,1,44
133.149.73.65,1,40
133.149.242.62,1,40
150.75.250.143,1,40
133.149.249.60,1,40
203.77.42.160,1,40
133.149.182.26,1,40
163.33.236.102,6,3913
133.149.96.79,1,40
163.33.241.168,1,40
163.33.249.192,1,40
163.33.166.67,1,40
133.149.3.255,1,40
150.75.170.72,1,40
163.33.204.32,1,40
133.149.100.8,1,40
133.149.233.82,1,40
133.149.53.215,1,40
202.198.1.248,1,40
133.149.249.255,1,40
150.75.181.142,1,44
150.75.191.196,1,40
163.33.140.233,1,40
203.77.97.136,1,68
133.11.106.174,1,40
133.149.250.54,1,40
163.33.7.157,1,40
163.33.61.68,1,40
203.77.26.199,1,40
150.75.238.114,1,40
133.149.224.76,1,40
150.75.104.93,1,40
163.33.7.138,1,40
150.75.103.176,1,40
133.149.176.165,1,52
133.149.212.114,1,40
163.33.4.158,1,44
133.11.93.68,1,44
133.149.72.41,1,40
202.198.0.2,1,40
202.198.46.70,1,44
163.33.246.232,1,40
150.75.251.23,1,40
150.75.60.61,1,48
163.33.114.94,1,40
133.11.81.149,1,48
163.33.4.200,1,40
150.75.3.89,1,29
203.77.1.114,1,40
133.149.5.180,1,40
163.33.49.239,1,40
150.75.248.216,1,40
133.149.130.94,1,44
150.75.121.110,1,40
133.149.229.129,1,40
203.77.94.93,1,40
133.149.5.93,1,40
133.11.87.105,1,40
163.33.50.70,1,40
163.33.17.21,1,40
150.75.109.6,1,40
163.33.21.82,1,44
133.149.166.249,1,40
163.33.93.153,1,72
163.33.3.100,1,40
163.33.146.106,1,40
163.33.94.29,1,52
202.198.14.136,1,40
163.33.233.122,1,44
133.149.171.133,1,40
133.149.59.253,2,80
133.149.0.112,1,40
150.75.127.241,1,40
150.75.9.36,1,40
150.75.190.48,1,40
203.77.6.178,1,40
133.149.122.169,1,40
163.33.113.54,1,40
163.33.50.68,1,40
163.33.179.120,1,40
133.11.83.68,1,40
150.75.239.33,1,40
133.149.135.158,1,40
133.149.104.248,1,40
163.33.167.236,1,40
163.33.194.122,1,40
150.75.45.155,1,40
150.75.197.17,1,28
163.33.36.240,1,40
133.149.206.11,1,40
150.75.9.96,1,40
133.149.227.244,1,40
150.75.168.241,1,40
163.33.243.223,1,40
202.204.59.196,1,40
150.75.76.86,1,40
133.149.45.245,1,60
203.77.77.16,1,44
133.149.107.139,1,40
202.198.45.52,1,40
133.149.30.9,1,40
203.77.75.122,1,44
133.149.226.160,1,40
133.149.195.78,1,40
133.149.181.132,1,40
163.33.243.178,1,40
203.77.70.68,1,40
133.149.81.79,1,40
150.75.236.43,1,40
163.33.213.214,1,40
133.149.222.121,1,52
163.33.107.37,1,40
202.198.23.136,1,76
163.33.220.236,1,40
150.75.121.122,1,40
133.149.56.237,1,40
133.149.118.76,1,40
133.149.207.63,1,40
163.33.92.186,1,40
133.149.96.221,1,40
150.75.134.118,1,44
163.33.203.155,1,40
133.11.75.172,1,40
133.149.222.242,1,40
133.149.188.213,1,40
150.75.52.32,1,40
163.33.238.131,1,40
203.77.28.189,1,40
203.77.18.134,1,40
202.198.0.206,1,40
163.33.114.150,1,40
133.149.132.6,1,40
203.77.59.114,1,40
203.77.39.128,1,40
133.149.17.222,1,40
150.75.37.167,1,40
163.33.131.209,1,40
133.149.118.61,1,40
133.149.178.62,1,40
163.33.206.111,1,40
203.77.21.21,1,40
203.77.22.183,1,60
163.33.135.191,1,40
163.33.2.242,1,64
163.33.183.189,1,58
202.198.19.249,1,40
163.33.239.23,1,40
150.75.135.168,1,40
150.75.76.32,1,40
163.33.69.233,1,40
163.33.127.185,1,40
133.149.230.61,1,40
133.149.65.156,1,60
202.198.36.189,4,160
150.75.146.61,1,40
163.33.161.192,1,44
133.149.207.76,1,40
203.77.33.98,1,40
163.33.213.232,1,40
163.33.191.124,1,44
150.75.39.30,1,40
163.33.92.88,1,117
150.75.101.208,1,40
203.77.42.119,2,80
163.33.235.190,1,44
150.75.89.3,1,40
150.75.191.165,1,40
203.77.28.222,1,52
163.33.15.28,1,44
133.11.86.207,1,40
163.33.254.22,5,361
150.75.217.131,1,40
150.75.135.205,1,44
163.33.155.253,1,40
150.75.0.103,1,40
150.75.15.88,1,40
202.198.16.98,1,40
133.149.246.254,1,40
133.149.149.123,1,40
133.149.124.232,1,40
203.77.98.63,2,80
203.77.77.193,1,40
163.33.63.163,11,1234
163.33.63.165,4,410
163.33.171.122,1,40
150.75.24.34,1,40
203.77.122.22,1,40
163.33.63.160,4,415
163.33.39.255,1,40
150.75.182.174,1,44
133.11.101.218,1,48
163.33.63.170,10,1226
133.11.70.29,1,40
163.33.63.164,5,466
163.33.92.239,1,68
133.149.252.222,1,40
133.149.96.101,1,40
163.33.184.78,1,44
203.77.123.195,1,52
133.149.81.25,1,40
150.75.139.221,1,40
133.149.120.40,1,40
202.198.44.196,7,1015
133.149.17.39,1,40
133.149.64.223,1,40
150.75.71.69,1,40
150.75.40.252,1,40
133.149.195.100,1,40
163.33.140.186,1,44
133.149.173.148,1,52
133.11.114.183,1,40
163.33.101.120,1,40
133.149.123.69,1,40
133.11.72.156,1,44
163.33.187.226,1,121
133.11.68.180,1,40
133.149.41.162,1,60
150.75.38.172,1,40
133.149.163.29,1,52
203.77.32.138,1,40
163.33.210.101,1,40
150.75.208.228,1,40
202.25.107.132,4,160
203.77.103.84,1,40
133.149.253.255,1,40
163.33.136.17,1,40
133.149.164.92,1,40
133.149.237.219,1,44
133.11.91.157,1,48
163.33.219.150,1,40
150.75.118.3,1,52
163.33.217.170,1,40
163.33.166.44,1,52
133.149.249.47,1,40
163.33.171.91,1,40
150.75.21.155,1,40
203.77.7.50,1,40
133.11.73.143,1,40
163.33.63.167,8,866
202.198.43.45,1,40
202.198.12.206,1,52
133.149.161.31,1,44
163.33.57.232,1,40
163.33.141.99,9,516
150.75.11.158,1,40
203.77.8.249,1,40
133.11.101.163,1,48
163.33.125.203,1,44
150.75.26.38,1,40
163.33.10.228,1,40
133.149.125.97,1,40
203.77.12.31,1,40
203.77.78.186,1,40
133.149.109.27,1,40
203.77.92.206,1,40
202.198.44.112,10,836
163.33.84.215,1,40
150.75.74.235,1,40
203.77.15.126,1,125
163.33.39.178,1,40
163.33.247.66,1,40
163.33.152.4,1,40
150.75.148.36,1,40
202.204.58.210,3,156
133.11.100.210,1,40
163.33.166.138,1,40
163.33.168.90,1,103
133.149.236.32,1,40
133.149.14.36,1,40
163.33.142.34,1,40
150.75.85.97,1,40
150.75.118.191,1,40
133.149.232.44,1,40
133.149.255.86,1,120
150.75.245.189,1,40
163.33.213.53,1,40
133.149.33.242,1,40
150.75.51.28,1,44
150.75.208.232,1,40
163.33.104.62,1,40
133.149.181.250,1,40
202.198.23.49,1,44
163.33.141.177,1,238
133.149.143.92,1,74
203.77.40.20,1,40
133.149.5.121,1,40
150.75.166.147,1,40
133.149.200.47,1,40
203.77.111.221,1,44
163.33.63.171,2,280
150.75.212.15,1,44
133.11.117.201,1,40
202.198.29.56,1,40
203.77.74.13,1,40
150.75.217.215,1,44
150.75.125.29,1,40
150.75.165.89,1,40
133.149.124.212,1,40
150.75.8.180,1,40
150.75.224.148,1,40
133.149.174.107,1,40
133.149.155.55,1,40
150.75.92.163,1,48
203.77.21.207,2,88
133.149.111.51,1,40
133.149.249.53,1,40
163.33.203.56,1,40
133.149.53.152,1,40
163.33.93.202,3,175
203.77.99.199,1,40
163.33.92.244,1,40
203.77.124.17,2,134
133.149.56.238,1,40
133.11.111.94,1,40
133.149.17.56,1,40
133.149.222.101,1,52
203.77.113.1,1,40
133.149.118.69,1,40
202.198.52.157,1,40
163.33.63.174,4,809
202.198.35.85,1,40
133.149.33.172,1,40
163.33.228.115,11,4143
133.149.27.251,1,40
163.33.115.129,1,40
133.149.163.144,1,40
133.149.155.238,1,40
150.75.219.59,1,40
133.149.135.92,1,40
133.149.83.227,1,40
163.33.76.233,1,44
150.75.86.114,1,127
163.33.151.244,1,40
163.33.94.240,8,1088
133.149.27.131,1,40
163.33.93.43,3,156
150.75.20.178,1,40
163.33.216.240,1,40
150.75.53.188,1,40
133.149.25.19,1,40
150.75.84.179,1,40
150.75.210.189,1,40
150.75.35.188,1,40
150.75.174.29,1,44
163.33.206.143,1,40
163.33.240.234,1,40
150.75.159.241,2,80
133.11.92.165,1,40
163.33.80.15,1,62
203.77.53.234,1,40
150.75.225.223,1,44
150.75.245.204,1,40
150.75.165.21,1,40
150.75.158.212,1,52
133.11.91.151,1,40
133.149.24.23,1,40
133.149.104.141,1,40
202.204.61.50,1,40
163.33.92.196,1,40
133.149.237.53,1,40
202.198.34.96,1,40
150.75.148.193,1,40
150.75.252.181,1,44
133.149.23.209,1,44
163.33.124.95,1,60
133.149.193.95,1,44
163.33.70.92,1,44
163.33.134.194,1,52
150.75.42.203,1,40
163.33.92.221,1,40
163.33.185.245,1,40
150.75.47.22,3,120
133.149.106.154,1,40
202.198.34.170,1,40
150.75.130.68,1,40
150.75.90.18,1,48
150.75.170.89,1,40
202.198.59.49,1,40
203.77.99.213,1,40
163.33.248.138,1,40
163.33.100.108,1,40
150.75.25.188,1,40
202.198.1.228,1,40
150.75.122.216,1,40
163.33.253.172,1,40
133.149.215.121,1,44
203.77.38.225,1,728
163.33.208.117,1,40
202.198.37.16,1,40
133.11.99.44,1,40
133.149.201.34,1,40
150.75.122.141,1,40
133.11.115.223,1,40
150.75.111.5,1,40
133.149.14.73,1,40
133.149.141.231,1,40
133.11.69.178,1,40
163.33.248.47,1,40
150.75.97.131,1,40
203.77.70.113,1,40
150.75.205.159,1,40
203.77.103.51,1,40
150.75.99.45,2,704
163.33.253.208,1,40
203.77.90.20,1,733
163.33.172.90,1,40
163.33.112.217,1,56
133.149.130.83,1,40
133.11.83.7,1,40
150.75.149.253,1,40
150.75.116.160,1,40
133.149.35.194,1,40
133.149.199.135,1,40
150.75.145.79,1,40
150.75.1.170,1,125
163.33.42.68,1,40
133.149.246.173,1,40
202.198.59.17,1,40
133.11.121.195,1,40
133.149.161.19,1,40
133.149.60.86,1,40
202.198.23.61,1,40
150.75.222.11,1,40
133.149.108.107,1,40
163.33.9.46,1,40
163.33.182.104,1,40
133.11.83.126,1,44
133.149.70.225,1,40
150.75.198.137,1,40
150.75.222.145,1,40
150.75.64.109,1,40
133.149.181.80,1,40
133.149.251.234,1,40
150.75.145.72,1,40
133.149.62.254,1,40
133.11.111.191,1,40
150.75.111.35,1,40
133.11.104.91,1,48
133.11.97.137,1,40
150.75.248.36,1,40
202.198.50.86,1,40
163.33.55.50,1,40
202.198.5.10,1,40
203.77.103.112,1,40
202.198.49.116,1,40
163.33.95.9,1,40
133.149.208.147,1,40
150.75.135.42,1,40
150.75.170.30,1,40
163.33.11.142,1,52
133.11.73.7,1,40
133.149.185.92,1,44
150.75.21.222,1,40
133.149.22.228,1,44
133.11.114.121,1,40
163.33.32.64,1,40
202.198.44.171,12,1870
150.75.129.123,1,40
163.33.109.202,1,40
133.149.173.205,1,40
133.149.214.1,1,40
150.75.2.151,1,40
150.75.232.212,1,44
133.149.191.109,1,44
150.75.125.122,1,40
163.33.213.201,1,40
133.149.81.217,1,60
202.198.45.229,1,40
202.198.51.77,1,40
133.149.89.51,1,44
163.33.32.113,1,40
163.33.228.87,6,240
163.33.162.34,1,44
133.11.125.90,1,28
133.11.117.33,1,40
133.11.121.252,1,40
133.149.246.24,1,40
133.149.59.7,1,40
163.33.175.143,1,40
150.75.235.216,1,40
163.33.69.61,1,40
133.149.64.235,1,40
133.149.125.55,1,40
163.33.63.173,7,1554
150.75.209.182,1,40
150.75.142.88,1,40
133.149.199.56,1,40
133.149.255.212,2,80
150.75.209.46,1,40
150.75.163.235,1,40
150.75.237.105,1,40
202.198.41.125,1,40
202.198.35.21,1,40
133.11.98.32,1,40
133.149.143.78,1,40
133.11.118.96,1,40
163.33.163.120,1,40
133.149.167.228,1,40
133.149.23.232,1,40
203.77.33.69,1,40
203.77.85.100,1,40
150.75.181.123,1,40
203.77.32.163,1,40
163.33.61.5,1,40
163.33.249.141,1,44
163.33.215.207,1,40
203.77.116.38,1,40
150.75.29.244,1,40
133.11.113.162,1,40
133.11.79.149,1,40
202.198.23.193,1,40
203.77.121.233,1,40
133.11.118.77,1,40
150.75.156.194,1,44
150.75.162.223,1,40
133.149.131.66,1,40
133.149.67.152,1,40
133.149.68.201,1,40
163.33.213.126,1,40
133.11.64.105,1,40
163.33.167.34,1,40
150.75.91.62,1,40
150.75.220.192,1,40
150.75.241.157,1,40
150.75.79.189,1,52
150.75.228.254,1,40
150.75.75.67,1,40
133.11.94.64,1,48
203.77.16.191,1,44
133.149.96.93,1,40
150.75.239.252,1,40
202.198.34.57,1,40
163.33.28.248,1,40
133.149.115.167,1,40
163.33.247.40,1,38
133.11.64.243,1,40
163.33.101.144,1,40
133.149.41.254,1,40
133.149.66.224,1,40
133.11.118.53,1,40
163.33.173.94,1,40
150.75.16.196,1,40
150.75.79.106,1,40
163.33.17.18,1,40
133.11.86.187,1,40
133.11.71.149,1,40
133.149.6.245,1,40
133.11.69.201,1,40
133.149.56.71,1,40
133.149.216.89,1,40
133.149.102.205,1,40
150.75.187.48,1,40
150.75.159.137,1,44
163.33.98.157,1,44
150.75.114.176,1,40
150.75.240.37,1,40
133.149.105.171,1,40
150.75.242.57,1,40
133.11.107.89,1,40
133.11.88.185,1,40
133.11.84.231,1,40
163.33.227.146,1,40
202.198.44.113,13,2118
133.11.92.126,1,40
150.75.160.179,1,44
133.149.25.80,1,40
150.75.113.139,1,40
163.33.141.104,1,365
150.75.172.107,1,40
163.33.141.198,1,40
133.11.83.189,1,40
133.11.122.16,1,40
163.33.0.32,1,40
203.77.29.166,1,48
150.75.91.98,1,40
133.149.171.176,1,40
203.77.7.64,1,40
150.75.168.208,1,40
133.11.103.103,1,40
163.33.225.105,1,40
163.33.63.162,2,234
133.149.24.229,1,40
150.75.208.140,1,40
133.149.150.147,1,40
133.149.6.36,1,40
163.33.82.56,1,40
133.11.79.105,1,40
150.75.71.36,1,40
133.149.57.82,1,44
133.149.223.115,1,44
203.77.22.11,1,40
133.149.194.246,1,40
203.77.30.252,1,40
150.75.171.84,1,40
133.149.138.127,1,40
150.75.32.150,1,40
163.33.255.58,1,44
163.33.138.146,1,40
133.11.82.100,1,40
163.33.226.46,1,40
150.75.129.25,1,40
133.149.50.147,1,40
133.149.101.171,1,40
133.11.122.18,1,40
203.77.40.202,1,40
150.75.143.26,1,40
203.77.116.104,1,52
133.149.215.233,1,44
133.11.98.118,1,40
163.33.220.242,1,40
133.149.224.6,1,40
150.75.137.64,1,40
203.77.67.183,1,44
133.11.74.51,1,40
203.77.83.139,2,84
133.149.116.88,1,40
133.11.69.232,1,40
133.149.25.222,1,40
150.75.212.167,1,40
163.33.121.88,1,40
163.33.53.142,1,40
150.75.129.51,1,40
203.77.32.11,1,40
133.11.70.210,1,56
133.11.89.248,1,40
150.75.27.165,1,40
133.149.156.191,1,40
150.75.151.146,1,44
203.77.43.12,1,40
133.149.223.216,1,40
133.11.86.214,1,40
163.33.111.32,1,40
163.33.142.232,1,40
203.77.21.117,1,40
150.75.240.155,1,40
133.149.31.241,2,80
203.77.109.182,1,40
133.11.124.148,1,52
163.33.225.103,1,40
133.11.126.62,1,40
203.77.118.150,1,115
133.149.168.8,1,40
202.198.44.105,1,40
150.75.129.84,1,40
150.75.23.186,1,40
133.149.140.53,1,40
163.33.113.33,1,60
133.149.45.232,1,121
150.75.87.119,1,28
163.33.21.92,1,40
150.75.176.61,1,44
133.11.75.161,1,44
163.33.252.1,1,40
150.75.126.16,1,40
163.33.92.230,6,1721
203.77.42.231,1,40
133.149.110.148,1,40
133.149.49.144,1,40
150.75.21.224,1,40
133.11.88.248,1,40
133.149.19.175,1,40
150.75.137.35,1,40
133.149.216.144,1,40
150.75.222.31,1,44
133.149.216.38,1,40
203.77.36.67,1,40
163.33.226.91,1,40
133.149.101.10,1,40
163.33.163.17,1,40
133.149.19.118,1,40
133.149.222.107,1,40
133.149.218.139,1,40
163.33.245.87,1,40
133.149.0.13,1,40
202.198.33.244,1,40
150.75.147.254,1,40
150.75.21.70,1,44
133.149.134.212,1,40
133.149.245.246,1,52
202.198.10.208,1,40
133.149.174.228,1,44
150.75.100.227,1,40
133.149.210.9,1,44
150.75.254.164,1,40
133.11.65.171,1,40
133.11.74.5,2,84
133.149.85.148,1,40
133.149.20.110,1,40
203.77.72.212,1,44
133.149.6.148,1,40
150.75.34.4,1,40
163.33.17.113,1,40
163.33.222.208,1,40
163.33.196.162,1,40
150.75.94.124,1,40
150.75.18.172,1,40
150.75.120.41,1,121
163.33.254.106,1,40
163.33.12.96,1,40
203.77.42.68,1,40
163.33.63.134,1,40
133.149.81.73,1,40
203.77.36.110,1,40
133.149.212.246,1,40
133.149.210.133,1,40
150.75.67.178,1,40
163.33.212.167,1,44
150.75.176.247,1,40
203.77.43.227,1,40
203.77.66.133,1,40
150.75.67.159,1,40
150.75.95.60,1,40
203.77.22.126,1,40
163.33.137.227,1,40
150.75.67.210,1,40
133.11.70.248,1,52
163.33.254.24,11,10845
163.33.238.119,1,40
133.149.97.161,1,40
133.149.61.60,1,40
163.33.133.89,1,40
203.77.52.76,1,40
203.77.11.172,1,40
163.33.244.134,1,40
133.149.113.59,1,40
150.75.198.230,1,52
150.75.85.246,1,121
133.149.105.173,1,44
150.75.112.93,1,40
133.149.179.206,1,40
203.77.93.153,1,40
203.77.64.21,1,40
150.75.208.118,1,44
150.75.28.1,1,44
150.75.36.150,1,40
163.33.89.174,1,40
133.11.118.7,1,40
133.11.81.10,1,40
202.198.62.170,1,40
163.33.160.167,1,40
133.149.155.38,1,40
163.33.107.87,1,40
203.77.42.190,2,80
163.33.84.81,1,40
163.33.88.114,1,40
133.11.108.114,1,40
202.198.23.124,1,44
203.77.55.60,1,40
163.33.231.114,1,40
203.77.102.116,2,100
133.149.226.3,1,40
133.149.84.229,1,40
133.149.61.163,1,40
133.149.73.193,1,40
133.149.175.194,1,40
202.198.27.216,1,40
163.33.31.131,1,44
163.33.173.192,1,40
150.75.129.201,1,40
150.75.199.180,1,40
203.77.50.237,1,40
133.149.167.21,1,40
202.198.4.17,1,40
133.11.64.94,1,52
133.149.28.5,1,40
163.33.212.241,1,44
133.11.90.124,1,40
133.11.111.113,1,40
202.204.61.140,1,40
133.149.48.149,1,40
133.149.239.216,1,40
150.75.224.29,1,40
150.75.75.79,1,40
163.33.93.240,1,40
163.33.95.36,2,365
203.77.61.100,1,44
150.75.141.96,1,40
133.149.23.101,1,40
150.75.80.201,1,121
150.75.185.227,1,40
150.75.48.89,1,40
202.198.26.226,1,40
133.149.218.229,1,40
163.33.111.196,1,40
163.33.195.30,1,40
133.149.174.247,1,40
163.33.62.160,3,322
133.149.200.103,1,40
150.75.121.71,1,52
202.198.46.229,1,40
203.77.71.198,1,40
163.33.184.74,1,40
163.33.72.17,1,40
150.75.79.4,1,40
203.77.87.117,1,44
133.11.84.167,1,40
150.75.71.4,1,40
150.75.79.65,1,40
133.149.169.220,1,40
203.77.105.102,1,40
133.149.166.118,1,40
163.33.15.34,1,40
163.33.54.215,1,40
133.11.125.244,1,44
133.149.180.195,1,44
133.11.88.74,1,40
203.77.12.219,1,40
133.149.117.55,1,44
163.33.149.250,1,40
163.33.9.203,1,52
133.11.73.156,1,40
133.149.115.91,1,40
163.33.191.239,1,44
150.75.90.53,3,120
133.149.205.59,1,40
163.33.126.165,1,44
133.149.61.46,1,44
133.149.164.183,1,40
163.33.110.148,1,40
202.198.55.81,1,40
163.33.238.58,1,40
150.75.71.75,1,40
133.149.135.8,1,40
133.11.80.154,1,48
202.198.34.123,1,44
133.149.23.97,1,40
133.149.243.35,1,40
150.75.136.69,1,40
133.11.75.205,1,40
133.149.155.214,2,80
133.11.87.97,1,40
202.198.24.141,1,40
133.149.68.23,1,40
203.77.42.75,1,44
163.33.74.219,1,40
163.33.164.26,2,120
133.11.121.25,1,40
133.149.224.137,1,40
163.33.145.197,1,40
133.149.118.138,1,40
163.33.207.27,2,88
150.75.190.57,1,40
203.77.80.230,1,40
202.198.27.114,1,40
163.33.105.57,1,40
133.11.68.81,1,40
133.149.121.77,1,40
150.75.39.215,1,40
150.75.135.124,2,80
163.33.175.2,3,377
163.33.132.68,7,4305
163.33.166.78,1,44
203.77.61.92,1,40
133.149.172.182,1,40
133.149.84.115,1,40
150.75.207.85,1,40
133.11.75.169,1,40
133.149.247.190,1,40
163.33.249.223,1,40
203.77.107.118,1,40
203.77.81.122,1,40
133.11.107.223,1,40
202.198.34.130,1,40
150.75.113.254,1,40
133.11.93.164,1,40
133.149.110.247,1,44
150.75.217.105,1,44
203.77.75.14,1,52
133.149.210.111,1,40
163.33.236.80,1,44
163.33.140.62,7,1081
202.198.16.204,1,40
163.33.174.17,14,3456
163.33.102.33,1,44
133.11.125.149,1,40
203.77.14.237,1,40
133.149.81.52,1,40
202.198.0.97,1,40
133.149.176.139,1,40
133.11.119.131,1,40
202.198.16.223,1,40
203.77.29.20,1,44
203.77.83.9,1,40
150.75.255.187,1,40
133.11.70.235,1,40
203.77.106.145,1,40
150.75.248.2,1,40
133.149.169.242,1,40
133.149.169.233,1,40
150.75.210.167,1,40
133.149.10.60,1,40
163.33.25.98,1,40
202.198.41.82,1,52
133.11.96.36,1,40
163.33.90.47,1,44
150.75.88.157,1,40
133.11.105.214,1,40
202.198.8.188,1,40
163.33.223.217,1,40
163.33.32.43,1,40
133.149.11.110,1,40
163.33.233.195,3,623
163.33.52.34,1,40
202.198.34.108,1,44
133.11.101.56,1,40
163.33.105.27,1,52
150.75.200.57,1,40
202.198.56.174,1,40
133.11.76.88,1,40
150.75.93.241,1,40
202.198.56.170,1,40
202.198.56.102,1,40
133.149.66.81,1,40
133.149.247.103,1,40
163.33.169.82,1,40
163.33.65.101,1,40
202.198.28.110,1,40
133.11.96.102,1,40
133.149.220.241,1,40
163.33.65.17,1,40
163.33.189.164,1,40
150.75.111.245,1,40
150.75.75.212,1,40
163.33.93.104,2,230
150.75.120.179,1,44
150.75.91.58,1,40
203.77.106.242,1,40
150.75.62.105,1,40
133.149.238.63,1,40
133.11.118.89,1,121
163.33.93.147,4,818
133.11.66.133,1,40
133.149.24.110,1,40
163.33.8.66,1,40
133.149.154.123,1,40
133.149.249.30,1,40
150.75.190.199,1,40
202.198.20.62,1,40
133.11.125.220,1,40
133.149.241.111,1,40
150.75.226.134,1,40
163.33.208.180,1,40
163.33.55.213,1,44
203.77.58.188,1,40
133.149.124.160,1,40
150.75.77.138,1,40
163.33.80.19,25,34386
202.198.45.252,1,44
163.33.192.156,1,40
133.149.115.36,1,40
150.75.215.8,2,80
202.198.28.236,1,76
203.77.100.17,1,40
133.149.11.146,1,40
163.33.114.241,1,28
202.25.107.239,1,60
133.11.114.133,1,40
133.149.97.158,1,52
133.149.179.144,1,40
203.77.49.134,1,40
133.149.82.10,1,40
133.149.178.182,1,40
133.11.104.7,1,40
133.149.239.178,1,40
203.77.79.7,1,48
133.149.26.89,1,40
133.149.82.43,1,40
203.77.36.174,1,40
133.11.92.1,1,40
133.149.164.243,1,40
163.33.107.47,1,40
133.149.82.226,1,40
203.77.22.146,1,40
133.149.241.32,1,40
202.198.14.74,1,40
133.149.81.21,1,60
150.75.215.2,1,44
163.33.164.204,1,40
133.149.16.128,1,52
163.33.7.101,1,40
150.75.213.127,1,40
163.33.167.36,1,40
133.11.96.109,1,44
133.149.133.208,1,40
163.33.123.209,1,40
202.198.14.110,1,40
133.11.70.171,3,120
163.33.209.57,1,40
203.77.90.196,1,40
133.149.225.251,1,44
202.198.61.92,1,40
203.77.79.30,1,40
163.33.68.103,1,40
133.11.116.177,1,40
150.75.41.225,1,40
203.77.100.237,1,40
133.11.105.181,1,40
163.33.241.21,1,40
133.11.116.195,1,40
150.75.190.200,1,40
163.33.54.248,1,44
150.75.173.196,1,40
133.149.178.23,1,40
163.33.196.135,1,40
163.33.11.112,1,40
150.75.88.174,1,40
203.77.92.200,1,52
133.149.82.233,1,40
163.33.246.15,1,40
150.75.37.224,2,80
163.33.58.226,1,40
163.33.199.6,1,44
203.77.66.96,1,40
133.149.2.188,1,40
203.77.78.112,1,40
150.75.101.159,1,40
203.77.48.27,2,80
202.198.24.152,1,40
133.149.180.112,1,40
203.77.84.71,1,40
163.33.90.38,1,40
202.198.23.171,1,52
163.33.82.113,1,40
163.33.75.126,1,40
150.75.67.58,1,40
133.149.199.143,1,40
203.77.35.193,1,52
150.75.13.117,1,40
163.33.116.86,6,3913
150.75.33.151,1,40
150.75.239.243,1,40
133.11.65.19,1,40
150.75.149.132,1,40
133.149.180.173,1,40
163.33.126.160,1,40
133.149.143.172,1,40
133.11.105.2,1,40
150.75.255.209,1,40
150.75.24.109,1,40
150.75.163.62,1,40
133.11.124.249,1,40
163.33.200.153,1,44
163.33.182.206,1,40
203.77.38.32,1,44
150.75.167.65,1,40
163.33.194.103,1,40
133.11.92.141,1,60
150.75.212.130,1,40
163.33.71.48,1,40
133.149.123.109,1,40
163.33.140.242,2,101
150.75.37.21,1,44
133.11.65.148,1,40
150.75.172.68,1,40
163.33.93.237,2,104
150.75.166.172,1,40
150.75.166.245,1,40
163.33.168.181,1,40
133.149.44.4,1,40
163.33.161.69,1,40
133.149.213.150,1,40
202.198.61.96,1,40
163.33.246.98,1,40
203.77.8.137,1,44
133.149.90.25,1,40
133.149.18.52,1,40
203.77.54.37,1,40
133.149.148.191,1,40
133.11.64.139,1,40
202.1.72.169,1,40
133.149.10.210,1,40
133.11.119.6,1,40
203.77.0.249,1,40
163.33.41.19,1,44
203.77.102.205,1,40
133.149.58.101,1,40
133.11.66.76,1,60
202.198.8.230,1,40
150.75.167.11,1,40
163.33.211.22,1,40
150.75.88.171,1,52
133.149.94.83,1,40
163.33.16.184,1,40
133.149.126.34,1,40
150.75.84.107,1,40
163.33.229.36,1,40
202.198.28.1,1,40
163.33.143.226,1,40
163.33.251.172,1,40
202.198.43.240,1,40
203.77.48.62,1,40
203.77.105.223,1,40
202.198.14.20,1,40
133.149.110.121,1,40
133.11.95.66,1,40
163.33.14.9,1,40
133.149.245.184,1,40
163.33.240.124,1,40
203.77.59.150,1,44
163.33.84.69,10,4597
163.33.38.232,1,40
163.33.168.49,1,40
150.75.224.108,1,40
150.75.254.70,1,40
150.75.9.187,1,44
203.77.67.98,1,40
203.77.90.220,1,121
133.149.77.148,1,44
150.75.25.70,1,40
163.33.142.16,1,44
133.149.46.182,1,40
150.75.57.246,1,40
133.11.95.93,1,40
150.75.87.29,1,40
202.198.41.250,1,40
133.11.127.68,1,40
133.149.17.184,3,124
150.75.203.251,1,48
202.204.60.123,1,40
150.75.160.178,1,40
150.75.184.77,1,40
133.149.23.169,1,40
202.204.63.111,1,40
133.149.219.175,1,44
133.149.161.87,1,40
203.77.100.112,1,40
150.75.170.36,1,44
150.75.119.1,1,40
163.33.244.98,1,40
163.33.191.251,2,119
133.11.87.128,1,52
133.149.237.20,1,40
150.75.145.181,1,40
133.149.69.62,1,40
163.33.4.216,1,44
150.75.226.199,1,40
133.149.151.123,1,52
133.149.113.215,1,40
202.198.8.3,1,44
163.33.62.171,2,226
203.77.114.177,1,44
133.149.94.202,1,40
133.11.127.7,1,40
163.33.16.225,1,40
163.33.174.24,2,143
133.149.7.24,1,44
133.11.102.244,1,40
163.33.62.141,1,40
133.11.88.147,1,40
163.33.140.60,1,40
133.11.70.105,1,40
202.198.11.226,1,40
163.33.69.197,1,40
150.75.115.91,1,40
133.149.90.24,1,40
133.11.71.230,1,40
163.33.102.212,2,92
203.77.46.252,1,40
202.198.1.98,1,40
133.149.69.63,1,44
150.75.82.147,1,40
133.149.133.102,1,44
163.33.229.217,1,40
150.75.147.164,1,40
202.25.109.144,1,64
133.149.215.189,1,44
133.149.22.154,1,40
203.77.97.188,1,40
133.11.68.6,1,40
133.11.114.63,1,40
150.75.167.237,1,40
202.204.63.143,1,40
133.149.100.140,1,40
133.11.72.203,1,40
163.33.166.27,1,40
133.149.192.166,1,40
133.149.219.188,1,40
163.33.204.233,2,88
202.204.59.142,1,40
133.149.254.81,2,88
203.77.86.182,1,40
133.11.67.124,1,40
163.33.115.33,1,40
133.11.94.238,1,40
150.75.174.114,1,40
150.75.240.183,1,40
202.198.35.49,1,40
202.25.107.248,1,60
150.75.107.138,1,40
150.75.224.219,1,40
163.33.75.59,1,52
133.149.240.159,1,40
163.33.204.24,1,44
133.149.84.17,1,40
163.33.42.88,1,40
203.77.2.60,1,40
133.11.76.79,1,40
133.11.109.107,1,40
150.75.225.10,1,40
133.149.116.145,1,40
133.149.228.53,1,40
133.149.167.94,1,40
133.11.104.182,1,40
133.149.255.182,1,40
202.204.59.86,1,40
133.149.233.45,1,40
133.11.111.159,1,40
163.33.61.7,1,40
163.33.14.94,1,40
163.33.23.177,1,40
150.75.73.139,1,40
163.33.167.202,1,40
133.149.59.82,1,44
202.198.38.230,1,48
163.33.249.98,1,40
133.11.116.153,1,40
133.11.105.186,1,40
133.149.202.27,1,40
133.149.165.241,1,40
133.149.89.165,1,40
133.149.56.146,1,40
150.75.217.10,1,40
133.149.26.247,1,40
150.75.236.191,1,40
133.149.27.58,1,40
150.75.29.230,1,40
202.198.13.112,1,40
203.77.104.38,1,40
203.77.17.191,1,44
163.33.28.231,1,40
133.149.199.114,1,44
133.149.144.206,1,40
150.75.159.21,1,40
133.149.157.178,1,40
163.33.129.34,1,52
150.75.63.160,1,40
163.33.31.207,1,44
150.75.240.97,1,40
133.149.182.189,1,28
203.77.120.51,1,40
163.33.174.15,1,40
150.75.7.144,1,40
133.11.82.44,2,88
133.11.93.235,1,40
150.75.17.170,1,40
163.33.138.228,1,40
203.77.116.192,2,158
150.75.70.149,1,40
133.149.87.131,1,40
133.11.87.122,1,40
163.33.153.63,1,40
133.11.87.8,1,40
133.11.108.125,1,40
163.33.105.50,1,40
202.204.59.173,3,377
133.149.44.200,1,40
133.149.111.93,1,40
163.33.74.238,1,44
133.149.78.148,1,40
163.33.91.198,1,40
203.77.55.135,1,40
133.149.13.37,1,40
133.149.174.37,1,40
163.33.160.100,1,40
202.198.12.249,1,40
150.75.28.57,1,40
163.33.246.115,1,40
150.75.54.6,1,40
203.77.118.98,2,104
133.149.26.218,1,40
203.77.108.246,1,44
150.75.17.182,1,40
150.75.220.215,1,40
133.149.167.194,1,40
163.33.120.164,1,40
133.149.237.173,1,52
133.11.87.106,1,40
133.149.94.108,1,40
133.149.249.189,1,40
133.149.200.181,1,40
133.149.85.245,1,40
150.75.30.60,1,121
163.33.216.111,1,40
133.149.10.138,1,40
150.75.11.218,1,48
150.75.126.168,1,40
202.198.51.129,1,41
133.11.106.183,1,40
133.149.121.200,1,40
163.33.171.94,1,40
133.149.87.218,1,40
150.75.113.65,2,84
150.75.18.249,1,40
163.33.136.16,1,60
133.11.123.58,1,40
150.75.142.220,1,40
133.149.95.241,1,40
150.75.173.151,2,80
133.11.104.160,1,40
150.75.87.17,1,40
133.149.10.16,1,40
133.11.103.181,1,40
163.33.44.61,1,40
163.33.203.70,1,71
133.149.139.36,1,44
133.149.164.185,1,40
150.75.211.185,1,44
150.75.225.19,1,40
150.75.227.224,1,40
133.149.250.25,1,44
163.33.147.177,1,40
133.11.70.198,1,52
163.33.132.74,2,338
133.149.91.118,1,52
133.149.30.104,1,44
133.11.110.92,1,40
150.75.95.115,1,44
163.33.140.135,1,52
133.149.151.14,1,40
133.149.219.118,1,40
163.33.106.44,1,44
133.149.175.83,1,40
163.33.235.21,3,228
133.149.252.53,1,60
163.33.67.91,1,40
150.75.107.159,1,40
133.149.135.241,1,40
163.33.240.77,1,40
163.33.224.106,1,40
163.33.209.132,1,40
133.11.89.190,1,40
133.11.69.8,1,40
163.33.75.172,1,40
150.75.105.25,1,40
133.11.121.229,1,40
133.149.80.175,1,40
150.75.48.130,1,40
163.33.11.71,1,44
150.75.142.144,1,40
150.75.16.26,1,40
203.77.88.122,1,40
133.149.235.119,1,40
133.149.253.86,1,40
163.33.174.22,1,50
150.75.116.173,1,40
163.33.131.73,1,44
163.33.26.77,1,40
133.149.109.173,1,40
133.149.224.226,1,40
150.75.78.194,1,40
163.33.222.211,1,40
133.149.34.83,1,40
133.11.68.148,1,40
133.149.9.168,1,40
163.33.233.121,2,169
150.75.69.21,1,44
150.75.218.167,1,40
150.75.197.65,2,505
163.33.18.126,1,44
163.33.78.162,1,60
163.33.127.164,2,80
150.75.83.141,1,40
133.149.119.28,1,40
163.33.92.169,1,48
150.75.207.104,1,60
133.11.108.41,1,40
150.75.246.16,1,44
203.77.58.237,1,51
133.11.76.126,1,40
203.77.49.157,1,40
133.149.11.157,1,40
163.33.141.17,1,40
133.149.28.92,1,127
150.75.83.126,1,40
202.198.1.99,1,40
133.149.187.126,1,40
202.198.52.208,1,40
133.11.118.155,2,80
150.75.58.147,1,40
203.77.27.174,1,40
133.149.130.59,1,40
133.11.75.61,1,60
133.11.84.245,1,40
150.75.158.80,1,44
133.149.33.252,1,40
133.11.69.68,1,40
163.33.13.210,1,40
133.149.159.126,1,40
163.33.181.239,1,40
163.33.59.1,1,44
202.198.36.231,1,52
202.204.59.189,1,40
133.11.73.21,1,40
203.77.55.55,1,40
133.11.127.129,1,40
163.33.7.40,1,44
163.33.51.32,1,44
203.77.69.222,1,40
133.11.126.244,1,40
133.149.166.47,1,40
133.149.187.212,1,40
133.149.86.211,1,40
150.75.8.182,1,52
150.75.61.72,1,40
133.11.66.219,1,60
133.149.225.221,1,40
150.75.138.255,1,40
133.11.85.112,1,40
150.75.243.227,1,40
133.11.81.229,1,60
150.75.50.147,1,40
150.75.11.68,1,44
163.33.89.191,1,40
163.33.196.237,1,52
163.33.145.76,1,44
133.149.120.146,1,40
150.75.83.16,1,40
150.75.135.120,1,40
150.75.204.208,1,40
133.11.90.17,1,40
150.75.19.188,1,44
163.33.176.147,1,40
150.75.73.111,2,80
203.77.121.25,1,40
203.77.99.235,1,44
163.33.252.123,9,1158
133.149.121.101,1,40
163.33.195.209,1,40
133.11.84.84,1,40
202.198.23.232,1,60
163.33.165.175,1,40
150.75.201.254,1,40
150.75.26.57,1,40
133.149.149.32,1,40
202.198.53.228,1,40
133.11.126.26,1,40
133.11.70.127,1,40
150.75.246.205,1,40
133.149.3.154,1,40
150.75.110.137,1,40
133.11.97.171,1,40
163.33.11.141,2,280
150.75.76.154,1,40
133.11.92.75,1,60
203.77.19.92,1,40
133.11.99.155,1,40
163.33.224.49,1,40
163.33.129.183,1,60
150.75.145.97,1,44
163.33.191.249,1,64
163.33.53.224,1,40
163.33.189.203,1,220
163.33.36.150,1,40
202.198.5.132,1,40
133.11.104.16,1,44
150.75.180.217,1,40
163.33.252.82,1,40
203.77.70.154,1,40
133.11.89.13,1,40
133.149.171.60,1,40
133.149.107.240,1,40
150.75.10.134,1,40
202.198.40.129,1,52
203.77.124.186,1,40
150.75.184.2,1,44
133.149.31.70,1,52
203.77.69.30,1,40
163.33.43.98,1,40
133.11.120.118,1,40
163.33.215.31,1,40
150.75.32.212,1,40
163.33.10.197,1,44
133.11.71.76,1,40
133.149.144.151,1,44
150.75.36.6,1,44
150.75.110.66,1,44
133.149.81.212,1,40
150.75.99.10,1,44
163.33.93.219,1,52
163.33.69.117,1,40
203.77.109.73,1,40
203.77.53.54,1,40
133.149.136.83,1,40
133.11.115.193,1,40
133.149.243.142,1,40
150.75.254.190,1,40
163.33.127.92,1,40
150.75.99.8,1,40
133.149.48.67,1,40
150.75.137.70,1,40
163.33.13.228,1,44
203.77.26.37,1,40
133.11.106.224,1,40
203.77.34.225,1,40
133.149.231.168,1,60
150.75.246.0,1,40
133.11.88.191,1,40
133.149.184.183,1,40
133.149.127.86,1,40
133.149.207.236,1,40
163.33.184.143,1,40
133.149.25.31,1,40
133.149.92.66,1,44
150.75.227.191,1,40
203.77.65.203,1,40
133.11.102.205,1,48
150.75.245.23,1,40
150.75.78.167,1,52
202.198.13.60,1,40
150.75.93.164,1,40
133.149.103.61,1,40
203.77.48.51,1,40
133.11.78.119,1,40
133.149.200.172,1,40
150.75.98.122,1,40
133.11.86.141,1,40
133.149.128.247,1,44
163.33.248.67,1,40
163.33.159.44,1,44
202.198.9.197,1,40
133.11.71.62,1,40
133.149.155.222,1,40
133.11.87.153,1,40
163.33.23.155,1,40
202.198.24.205,1,40
133.149.212.60,1,40
203.77.36.154,1,40
150.75.165.14,1,40
203.77.122.205,1,60
133.11.95.225,1,40
163.33.201.9,1,40
133.11.127.215,1,40
133.11.127.124,1,40
133.149.210.86,1,40
163.33.17.163,1,40
150.75.207.21,1,40
202.198.27.99,1,52
133.149.104.118,1,44
202.198.18.229,1,40
163.33.106.235,1,44
133.149.136.197,1,40
163.33.242.150,1,40
163.33.95.158,1,52
163.33.104.233,1,40
163.33.160.131,1,40
133.149.101.246,1,40
163.33.109.40,1,92
163.33.187.107,1,40
163.33.181.26,1,58
133.11.118.222,1,40
133.11.75.125,1,40
133.11.87.198,1,40
163.33.239.73,1,52
163.33.241.15,1,40
163.33.79.178,1,40
163.33.80.30,1,186
150.75.216.201,1,40
150.75.255.148,1,40
133.149.44.29,1,40
202.198.3.5,1,40
202.198.48.205,1,40
133.149.72.172,1,40
133.149.219.252,1,40
202.198.41.14,1,40
133.11.77.28,1,60
133.11.109.218,1,40
133.149.118.197,1,40
203.77.43.198,1,44
133.149.242.85,1,40
150.75.110.215,1,44
133.149.43.168,1,40
133.149.212.156,1,40
150.75.183.196,1,44
150.75.176.197,1,44
150.75.164.40,1,40
133.149.180.109,1,44
133.11.102.100,1,40
133.149.182.221,1,40
150.75.227.18,1,44
202.198.6.155,1,40
163.33.239.247,1,40
150.75.163.194,1,40
133.11.93.132,1,60
133.149.44.88,1,40
133.149.105.117,1,40
203.77.2.122,1,44
150.75.40.16,1,44
163.33.236.47,4,160
133.11.126.182,1,40
133.11.105.84,1,40
150.75.246.24,1,40
133.11.77.81,1,40
163.33.156.56,1,40
203.77.61.130,1,44
163.33.245.195,3,228
150.75.79.108,1,44
163.33.169.99,1,44
133.149.14.220,1,44
133.149.183.178,1,40
163.33.118.3,1,44
133.11.123.173,1,44
150.75.130.10,1,40
133.149.42.211,1,44
133.149.149.8,1,40
133.149.177.250,1,40
133.149.68.239,1,44
150.75.90.152,1,40
150.75.191.171,1,40
133.149.240.199,1,40
163.33.66.30,1,40
163.33.62.170,1,90
150.75.221.230,1,40
150.75.174.145,1,40
133.11.120.86,1,40
150.75.227.140,1,40
133.149.183.71,1,40
150.75.112.10,1,40
133.11.88.28,1,40
163.33.140.110,2,453
202.198.52.85,1,40
133.11.111.173,1,40
150.75.238.74,1,44
133.11.104.83,1,40
150.75.211.32,1,40
163.33.110.92,1,40
163.33.140.24,1,52
133.11.68.233,1,60
133.11.102.229,1,40
133.11.113.205,1,40
163.33.197.81,1,44
150.75.202.123,1,40
203.77.109.110,1,44
150.75.200.121,1,40
133.149.17.177,1,52
133.149.20.32,1,40
133.149.195.172,1,40
150.75.97.61,1,40
133.149.222.185,1,40
163.33.228.220,1,40
163.33.237.208,1,40
203.77.46.177,1,40
163.33.234.44,2,104
150.75.140.29,1,40
133.11.68.102,1,40
150.75.17.255,1,40
163.33.209.83,1,40
150.75.149.82,1,40
163.33.148.134,1,40
133.149.195.73,1,40
133.149.223.202,1,40
202.25.109.71,1,40
202.198.34.191,1,40
163.33.134.198,1,40
133.11.86.154,1,40
203.77.30.88,1,44
150.75.49.236,1,40
150.75.131.245,1,44
133.149.103.179,1,40
133.11.67.185,1,40
133.149.72.247,1,40
133.149.185.91,1,40
133.149.0.38,1,40
133.149.177.161,1,40
133.149.24.167,1,40
163.33.84.144,1,40
133.149.145.79,1,40
202.198.21.173,1,76
163.33.22.177,1,60
133.149.62.3,1,40
163.33.88.179,1,44
133.149.66.46,1,40
133.149.43.86,1,40
133.149.149.148,1,40
163.33.81.208,1,40
133.149.187.99,1,40
163.33.248.145,1,40
150.75.174.21,1,40
133.149.106.255,1,40
133.149.241.74,1,40
150.75.136.72,1,44
150.75.193.221,1,52
150.75.211.68,1,40
133.149.175.209,1,44
203.77.25.175,1,40
133.11.113.53,1,40
133.11.89.205,1,40
133.149.32.138,1,40
133.149.97.164,1,40
133.149.6.113,1,40
133.149.26.131,1,40
163.33.162.45,1,40
133.149.131.109,1,40
163.33.148.229,1,40
133.11.96.204,1,40
150.75.108.127,1,44
163.33.112.216,1,56
133.11.104.183,1,40
150.75.114.143,1,40
203.77.89.231,1,40
163.33.129.248,1,40
202.198.40.252,1,44
150.75.186.249,1,40
133.11.116.166,1,40
133.11.90.133,1,40
133.11.87.73,1,40
150.75.44.210,1,40
202.198.55.64,3,164
150.75.146.14,1,40
133.11.72.34,1,40
133.149.119.125,1,40
133.11.89.224,1,60
163.33.93.195,3,187
133.149.71.216,1,40
133.11.80.237,1,60
163.33.45.215,1,40
133.11.119.18,1,40
150.75.175.114,1,52
163.33.134.201,1,40
133.149.251.164,1,40
163.33.150.89,1,40
163.33.126.247,1,40
133.149.202.173,1,40
133.149.189.225,1,40
133.149.1.67,1,40
133.149.103.168,1,40
133.11.95.193,1,60
133.149.36.37,1,40
163.33.107.65,1,40
163.33.115.156,1,40
133.11.110.54,1,40
163.33.250.151,1,40
202.198.62.163,1,40
133.149.131.203,1,127
133.149.125.231,1,60
203.77.3.202,1,40
150.75.24.254,1,40
150.75.65.176,1,40
150.75.200.151,1,40
203.77.70.207,1,40
133.11.118.194,1,40
133.11.78.162,1,40
202.198.13.229,1,40
163.33.129.22,1,40
163.33.91.152,1,44
163.33.112.106,1,40
163.33.166.236,1,44
133.11.93.151,1,60
150.75.209.113,1,40
150.75.26.155,1,40
163.33.106.8,1,44
163.33.191.127,1,60
163.33.209.51,1,40
163.33.237.191,1,40
133.11.92.58,1,40
203.77.12.19,1,40
133.149.81.142,1,40
133.149.104.173,1,40
133.11.90.12,1,60
133.11.93.109,1,48
163.33.63.253,1,76
150.75.175.223,1,44
133.149.11.6,1,44
133.11.64.207,1,40
163.33.149.74,1,40
163.33.75.175,1,40
163.33.148.144,1,40
163.33.66.87,1,40
163.33.117.249,1,44
133.149.117.136,1,40
133.149.112.191,1,44
133.11.102.55,1,40
133.11.66.196,1,40
150.75.184.24,1,40
203.77.13.93,1,40
150.75.9.184,1,40
163.33.196.118,1,44
150.75.151.89,1,44
133.11.122.157,1,40
203.77.40.236,1,40
150.75.93.124,1,40
133.149.251.4,1,40
202.198.6.199,1,40
203.77.3.200,2,80
150.75.201.26,1,40
133.149.34.8,1,40
133.149.210.26,1,40
203.77.23.32,1,40
150.75.147.158,1,40
163.33.168.155,1,985
163.33.193.134,1,40
133.149.88.184,1,40
202.198.3.226,1,40
133.149.162.30,1,40
150.75.130.143,1,40
163.33.44.51,1,44
163.33.93.178,1,52
163.33.95.148,1,40
150.75.101.172,1,40
150.75.161.168,1,40
163.33.199.220,1,40
133.149.153.243,1,40
150.75.231.225,1,52
133.149.143.81,1,40
133.149.14.160,1,40
202.198.12.182,1,40
133.11.109.5,1,40
133.149.232.85,1,40
133.149.252.161,1,44
150.75.125.37,4,284
163.33.209.70,1,40
133.149.160.17,1,44
202.198.26.164,1,40
133.149.121.157,1,40
133.11.104.223,1,40
133.11.115.19,1,40
150.75.0.6,1,40
133.149.145.167,1,40
150.75.222.117,1,40
150.75.224.167,1,40
203.77.120.55,2,98
202.198.5.52,1,40
150.75.76.43,1,121
163.33.42.157,1,44
133.11.77.69,1,40
163.33.116.54,1,40
150.75.83.195,1,40
150.75.27.119,1,52
202.198.26.204,1,40
202.198.26.143,1,40
202.198.33.56,1,40
133.149.56.208,1,40
133.11.96.99,1,48
163.33.177.55,1,40
150.75.166.85,1,40
203.77.116.102,1,40
203.77.15.153,1,40
163.33.57.104,1,44
163.33.93.149,1,52
202.198.47.198,1,40
150.75.138.85,1,40
133.149.206.70,1,40
163.33.173.145,1,52
203.77.3.221,1,52
133.149.162.82,1,40
163.33.0.175,1,40
133.11.123.119,1,40
150.75.251.39,1,40
163.33.92.62,1,78
150.75.106.183,1,40
163.33.137.85,1,40
133.149.200.177,1,40
202.198.62.55,1,40
150.75.170.229,1,40
203.77.113.12,1,40
133.11.86.183,1,40
163.33.220.193,1,40
163.33.93.160,1,52
203.77.125.136,3,667
133.11.99.246,1,40
133.149.24.106,1,44
150.75.33.76,1,40
163.33.175.62,1,44
133.11.74.212,1,40
202.25.107.187,2,80
150.75.34.187,1,40
133.149.94.95,1,40
163.33.156.205,1,40
133.149.156.76,2,80
133.11.111.65,1,40
202.198.41.61,1,40
133.149.229.124,1,40
133.149.35.199,1,40
133.149.49.9,1,60
163.33.35.121,1,40
150.75.75.249,1,40
203.77.116.8,1,40
150.75.251.120,1,40
133.11.77.26,1,40
163.33.220.219,1,40
150.75.177.97,1,40
133.11.82.251,1,48
203.77.93.49,1,44
163.33.42.100,1,44
133.149.14.16,1,40
150.75.69.168,1,52
133.149.209.69,1,40
163.33.146.71,1,40
150.75.228.209,1,40
133.11.107.130,1,40
133.149.222.30,1,40
150.75.29.12,1,40
133.11.77.141,1,40
133.11.101.73,1,40
150.75.241.219,1,40
150.75.250.38,1,44
203.77.74.55,1,40
163.33.49.54,1,44
203.77.39.248,1,40
163.33.141.224,2,507
163.33.38.123,1,40
203.77.121.104,1,60
202.198.62.94,1,40
202.198.40.241,1,40
163.33.137.205,1,40
150.75.209.223,1,40
163.33.250.79,1,40
203.77.104.22,1,40
150.75.214.222,1,40
133.149.132.229,1,40
163.33.247.86,1,40
163.33.195.70,1,40
133.11.122.128,1,44
203.77.48.187,1,40
150.75.61.39,1,40
163.33.116.50,1,52
150.75.227.241,1,44
133.149.186.134,1,40
163.33.225.160,1,40
133.149.33.80,1,40
150.75.27.1,1,40
133.11.94.3,1,40
133.11.78.24,1,40
133.149.168.146,1,40
133.149.227.54,1,40
133.11.123.84,1,44
150.75.130.89,1,40
202.204.63.41,1,40
133.149.67.77,1,40
150.75.84.84,1,58
163.33.117.157,1,40
163.33.225.49,1,40
133.11.115.225,1,40
133.11.80.199,1,40
150.75.53.252,1,40
203.77.117.81,1,40
202.198.53.120,1,40
150.75.181.133,1,44
163.33.21.103,1,40
150.75.95.166,1,40
163.33.21.46,1,40
163.33.243.157,1,40
133.149.50.21,1,40
203.77.124.70,1,84
163.33.6.114,1,40
150.75.1.55,1,40
163.33.70.105,1,40
163.33.71.215,1,40
133.149.42.120,1,40
133.149.151.235,1,40
150.75.159.31,1,40
133.11.111.134,1,52
203.77.106.76,1,44
150.75.72.180,1,40
150.75.211.137,1,44
163.33.146.140,1,40
133.149.181.19,1,40
133.149.62.212,1,40
203.77.27.26,1,40
203.77.124.191,1,44
133.11.100.134,1,40
203.77.19.150,1,44
150.75.214.40,1,52
202.198.18.46,1,44
163.33.146.251,1,40
163.33.21.248,2,80
133.149.104.17,1,40
133.149.64.226,1,40
203.77.60.227,1,40
133.149.118.33,1,52
150.75.237.9,1,40
133.149.23.190,1,40
203.77.38.25,1,40
133.149.78.214,1,40
163.33.250.152,1,40
163.33.174.23,3,219
150.75.86.65,1,44
163.33.185.70,1,40
133.149.173.154,1,40
203.77.65.59,1,40
133.149.127.185,1,44
163.33.239.42,4,353
133.149.133.229,1,44
150.75.119.158,1,40
133.149.24.252,1,40
202.204.61.44,1,40
133.149.25.44,1,40
163.33.91.41,1,44
202.198.58.61,1,40
163.33.164.64,1,40
133.149.75.193,1,40
133.149.228.131,1,40
202.198.19.4,1,40
203.77.106.236,2,379
150.75.208.189,1,40
202.204.59.162,1,40
150.75.205.78,1,44
163.33.244.12,1,100
163.33.205.193,1,40
203.77.20.240,1,40
203.77.89.16,1,40
163.33.139.129,1,40
203.77.108.59,1,40
150.75.144.105,1,44
150.75.58.160,1,44
203.77.23.106,1,40
163.33.94.126,4,1375
150.75.175.71,1,40
163.33.60.59,1,40
163.33.127.113,1,40
163.33.30.164,1,40
133.149.239.188,1,40
150.75.225.236,1,40
163.33.237.181,1,40
133.149.21.83,1,40
163.33.120.129,1,40
133.149.114.13,1,44
163.33.80.196,1,40
133.149.2.115,1,40
133.149.120.199,1,40
150.75.64.192,1,40
150.75.109.191,1,40
133.11.84.90,1,60
163.33.147.51,1,40
163.33.80.16,1,312
133.149.243.157,1,44
133.149.224.159,1,40
163.33.8.6,1,40
133.11.96.133,1,40
163.33.152.84,1,44
133.149.69.37,1,40
133.149.126.172,1,40
150.75.213.241,1,40
202.198.22.179,1,44
163.33.133.105,1,40
150.75.230.114,1,40
133.149.157.28,1,40
163.33.175.4,2,88
203.77.116.233,1,52
163.33.215.94,1,44
163.33.92.140,596,815418
133.149.167.36,1,40
163.33.36.252,2,143
150.75.108.194,1,40
202.204.60.62,1,81
163.33.181.155,1,40
203.77.127.138,1,40
163.33.175.66,3,247
203.77.62.1,1,60
133.11.105.7,1,40
133.149.96.91,1,40
150.75.35.14,1,40
163.33.141.127,1,40
150.75.110.15,1,40
163.33.108.113,1,40
163.33.187.131,1,40
133.149.80.77,1,40
163.33.237.81,1,52
133.149.189.17,1,40
163.33.249.156,1,40
163.33.180.221,1,40
163.33.16.164,1,44
133.149.143.120,1,40
133.149.82.70,1,121
163.33.82.0,1,40
163.33.175.117,1,44
163.33.234.103,1,40
133.11.102.92,1,44
163.33.121.85,1,52
150.75.46.16,1,44
133.149.8.204,1,40
150.75.145.145,1,40
163.33.184.51,1,40
163.33.67.82,1,40
163.33.16.169,1,40
133.149.224.70,1,60
133.149.187.139,1,40
133.11.95.138,1,60
133.11.91.54,1,60
163.33.218.78,1,44
163.33.103.183,1,40
150.75.250.147,1,40
133.149.188.62,1,40
150.75.177.167,1,40
203.77.103.6,1,44
133.11.120.6,1,40
150.75.250.189,1,40
150.75.207.227,1,40
150.75.167.222,1,44
133.149.167.114,1,40
150.75.213.222,1,121
163.33.59.243,1,40
203.77.57.211,1,52
150.75.29.90,1,40
133.11.73.16,1,44
202.198.45.54,1,40
133.149.155.19,1,40
163.33.123.81,1,44
133.149.132.111,1,40
133.149.60.159,1,40
203.77.5.69,1,40
163.33.59.148,1,40
163.33.79.130,1,40
163.33.178.191,1,40
133.149.50.161,1,40
202.198.35.72,1,40
133.149.150.190,1,40
133.149.47.31,1,52
163.33.93.112,4,232
150.75.163.87,1,40
133.149.130.40,1,40
150.75.20.90,1,44
150.75.194.26,1,40
163.33.16.124,1,44
133.149.10.232,1,40
133.149.121.196,1,40
163.33.16.180,1,44
202.198.35.217,1,40
163.33.5.137,1,40
163.33.16.88,1,44
202.204.62.105,1,44
133.149.163.248,1,40
163.33.50.237,1,40
203.77.6.187,1,40
163.33.15.62,1,40
133.149.78.204,1,40
133.149.21.203,1,40
202.204.62.234,1,101
203.77.28.69,1,40
150.75.185.72,1,40
163.33.168.152,1,40
163.33.191.245,1,52
133.11.85.68,1,48
133.149.86.186,1,40
150.75.157.218,1,40
150.75.139.191,1,40
133.149.16.21,1,44
150.75.241.205,1,40
150.75.27.249,1,40
133.149.213.53,1,40
202.198.26.160,1,44
133.149.79.7,1,40
202.198.1.201,1,48
163.33.234.149,1,40
133.149.203.228,1,40
133.11.102.200,1,40
163.33.141.131,1,40
202.198.8.140,1,44
133.149.18.109,1,40
163.33.234.35,1,40
133.149.18.201,1,40
150.75.193.107,1,40
203.77.86.244,1,44
150.75.205.67,1,40
163.33.105.106,1,270
163.33.191.211,2,92
133.149.213.197,1,40
150.75.61.193,1,40
202.198.37.91,1,40
133.11.123.247,1,40
202.198.7.75,1,40
133.149.65.175,1,60
133.149.136.91,1,40
163.33.50.214,1,40
150.75.133.235,1,40
202.25.107.225,2,104
133.149.56.148,1,40
202.198.9.157,1,40
163.33.243.24,1,40
150.75.161.148,1,40
163.33.156.198,1,40
150.75.65.68,1,40
163.33.37.61,1,40
150.75.184.48,1,40
202.198.20.137,1,40
202.198.14.108,1,40
150.75.121.225,1,40
133.11.86.67,1,40
133.149.249.43,1,44
150.75.90.97,1,40
133.149.125.114,1,40
203.77.107.131,1,40
202.198.11.143,1,44
203.77.70.240,1,44
150.75.249.127,1,40
133.149.187.224,1,44
203.77.64.127,1,40
163.33.196.0,1,40
202.25.109.82,1,40
163.33.98.181,1,44
150.75.133.2,1,40
163.33.141.157,2,80
163.33.208.1,1,40
163.33.238.214,1,40
133.149.92.195,1,44
133.11.69.7,1,40
133.149.53.165,1,44
150.75.147.11,1,40
163.33.238.116,1,44
133.149.152.132,1,40
150.75.147.82,1,40
203.77.106.78,1,44
150.75.53.214,1,40
150.75.120.129,1,60
150.75.44.229,1,44
133.149.62.106,1,40
163.33.155.142,1,40
163.33.248.134,1,50
133.11.116.255,1,40
133.11.106.169,1,44
163.33.234.187,1,92
203.77.14.49,1,40
150.75.155.66,1,40
163.33.191.209,1,40
202.198.38.214,1,40
133.149.182.47,1,40
150.75.147.6,1,40
133.149.255.7,1,40
150.75.218.58,1,44
163.33.147.180,1,40
150.75.73.217,1,44
133.149.63.95,1,40
163.33.144.121,1,40
150.75.87.12,1,40
150.75.22.186,1,40
203.77.28.177,1,40
150.75.146.232,1,40
133.149.11.244,1,44
163.33.42.7,1,40
163.33.135.111,1,40
163.33.232.218,1,40
163.33.92.55,2,649
163.33.3.186,1,44
150.75.90.163,1,40
163.33.140.37,1,44
203.77.87.170,1,52
163.33.36.25,1,40
203.77.26.209,1,40
133.149.242.14,1,28
150.75.78.186,1,40
163.33.44.224,1,40
163.33.234.224,1,40
202.198.4.114,1,40
163.33.222.118,1,40
150.75.203.181,1,40
202.15.129.223,1,40
202.198.49.82,1,40
203.77.67.36,1,40
202.198.49.20,1,40
203.77.20.106,1,40
203.77.117.62,1,44
150.75.200.147,1,40
133.149.93.202,1,40
133.149.218.35,1,40
150.75.230.3,1,44
133.149.228.190,1,52
203.77.27.133,1,40
203.77.59.183,1,40
133.149.247.102,1,40
133.149.25.39,1,40
150.75.208.229,1,40
163.33.95.18,1,57
133.149.207.71,1,40
150.75.211.220,1,40
203.77.33.198,1,52
203.77.26.245,1,40
133.149.47.169,1,40
133.11.68.190,1,40
133.149.11.63,1,40
203.77.32.125,1,44
133.149.103.60,1,40
163.33.188.26,5,882
150.75.102.163,1,40
163.33.38.238,1,40
133.149.11.202,1,40
133.149.197.15,1,40
150.75.2.29,1,40
133.149.187.88,1,44
133.149.105.242,1,44
150.75.147.77,1,40
133.149.173.180,1,40
163.33.92.236,14,10374
150.75.76.199,1,44
163.33.184.232,1,40
163.33.190.79,1,40
150.75.224.200,1,40
150.75.178.32,1,40
133.149.140.77,1,40
203.77.94.251,1,40
202.198.4.53,1,40
150.75.209.206,1,40
150.75.247.1,1,40
133.149.11.54,1,40
203.166.184.154,1,495
163.33.94.101,2,104
133.11.108.44,1,40
150.75.172.98,1,40
133.149.139.243,1,44
150.75.171.191,1,40
133.149.148.6,1,40
163.33.152.223,1,40
203.77.19.56,1,40
133.149.155.213,1,40
133.149.172.140,1,44
150.75.211.231,1,40
133.149.48.216,1,52
150.75.206.1,1,40
163.33.18.225,1,44
133.149.32.161,1,40
163.33.178.126,1,44
163.33.198.254,1,100
133.11.65.180,1,40
163.33.172.208,1,40
133.11.90.204,1,28
150.75.252.95,1,48
202.198.11.182,1,52
150.75.3.226,1,44
163.33.15.114,1,40
150.75.211.13,1,40
133.11.101.13,1,40
202.198.23.15,1,40
163.33.34.21,1,40
150.75.211.199,1,40
163.33.209.21,1,40
133.149.61.65,1,40
150.75.138.200,1,40
163.33.90.196,1,40
133.11.123.144,1,44
203.77.39.157,1,71
150.75.186.200,1,40
133.149.223.52,1,40
133.11.118.124,2,84
202.198.25.217,1,52
150.75.208.186,1,40
133.11.118.208,1,40
133.11.118.131,1,44
203.77.99.188,1,40
163.33.11.129,1,40
202.15.129.84,1,40
133.149.42.79,1,44
150.75.135.11,1,40
203.77.99.207,1,40
203.77.70.8,1,40
163.33.14.171,1,48
133.149.212.211,1,40
150.75.206.21,1,40
133.149.227.220,1,40
133.149.122.29,1,40
133.149.198.143,1,40
133.149.253.137,1,40
133.149.18.28,1,40
202.198.51.53,1,40
133.149.211.153,1,40
150.75.253.34,1,44
150.75.135.31,1,40
163.33.237.180,1,44
133.149.174.147,1,44
163.33.189.237,1,44
133.11.127.237,1,40
133.149.250.41,1,40
150.75.246.167,1,40
163.33.189.190,1,44
163.33.93.182,1,44
133.149.102.22,1,40
203.77.38.59,1,40
163.33.57.13,1,103
203.77.40.137,1,40
150.75.108.29,1,40
150.75.251.114,1,40
133.149.233.163,1,40
163.33.96.160,1,40
133.149.150.220,1,40
150.75.62.57,1,121
150.75.223.178,1,40
163.33.196.46,1,40
163.33.5.77,1,44
150.75.136.191,1,40
133.149.80.168,1,40
202.198.0.209,1,40
150.75.156.103,1,40
133.11.106.89,1,40
133.149.147.8,1,40
133.149.142.113,1,40
133.149.52.35,1,40
133.149.249.159,1,40
133.149.53.241,1,44
163.33.98.253,1,44
150.75.66.5,1,40
163.33.29.172,1,40
203.77.123.72,1,40
203.77.125.255,3,619
203.77.52.55,1,40
150.75.97.255,1,40
163.33.83.146,1,40
133.11.119.173,1,44
203.77.46.113,1,40
133.149.169.15,1,40
150.75.218.157,1,40
203.77.93.4,1,44
133.149.228.202,1,44
203.77.127.78,1,40
150.75.230.243,1,40
150.75.248.142,1,40
163.33.87.198,1,40
133.149.115.137,1,40
163.33.52.99,1,44
133.149.103.154,1,40
133.11.120.11,1,40
202.15.129.203,1,40
133.149.37.35,1,40
150.75.131.123,1,48
163.33.119.166,1,40
163.33.24.118,1,44
150.75.7.235,1,44
133.149.189.132,1,40
163.33.142.249,1,40
133.149.203.29,1,44
150.75.214.219,1,44
150.75.147.57,1,52
133.11.91.126,1,40
163.33.241.193,1,40
133.149.150.131,1,40
133.149.194.146,1,44
163.33.93.98,1,115
163.33.248.48,1,40
133.11.110.207,1,40
133.149.208.36,1,40
133.149.102.14,1,40
133.149.24.25,1,40
163.33.45.115,1,40
133.149.117.216,1,52
202.198.0.201,1,40
202.198.41.204,1,44
202.198.34.159,1,40
133.149.244.160,1,40
202.198.62.40,1,43
163.33.201.118,1,40
203.77.13.36,1,40
133.149.25.101,1,40
163.33.162.58,1,40
133.11.75.42,1,40
163.33.22.253,1,44
133.149.224.251,1,40
163.33.23.162,1,40
150.75.34.89,1,40
150.75.188.8,1,52
203.77.93.123,1,40
202.25.109.2,1,40
150.75.228.44,1,40
163.33.45.128,1,40
163.33.200.106,1,40
163.33.27.92,1,40
150.75.184.253,1,40
163.33.76.0,1,40
133.11.74.110,1,40
133.149.48.235,1,40
133.149.12.94,1,40
163.33.87.200,1,40
203.77.52.14,1,40
163.33.243.6,1,40
203.77.115.216,1,40
133.11.121.81,1,40
133.149.151.167,1,40
163.33.90.208,1,40
163.33.192.48,1,40
133.149.112.201,2,80
163.33.23.207,1,40
163.33.154.194,1,44
150.75.17.15,1,40
203.77.28.203,1,40
133.149.143.77,1,40
133.149.56.15,1,40
150.75.46.230,1,40
133.149.77.137,1,40
203.77.33.165,1,40
163.33.195.118,1,44
163.33.228.60,1,40
203.77.0.253,1,40
163.33.163.92,1,40
203.77.78.95,1,40
133.149.24.9,1,40
163.33.15.36,1,40
163.33.187.229,1,40
163.33.253.101,1,40
202.204.61.13,1,44
150.75.121.90,1,44
163.33.51.99,1,44
133.11.90.67,1,40
203.77.50.45,1,40
150.75.88.36,1,40
163.33.4.248,1,40
163.33.244.193,1,40
133.149.129.66,1,40
203.77.51.196,1,40
150.75.214.86,1,52
150.75.147.92,1,40
150.75.153.17,1,44
163.33.164.67,1,40
133.149.16.124,1,44
133.149.165.9,1,40
163.33.94.82,4,591
133.11.117.113,1,52
133.149.143.151,1,44
202.198.45.160,1,40
133.11.74.64,1,40
163.33.207.50,1,40
133.149.26.158,1,40
150.75.183.26,1,40
133.149.157.109,1,40
163.33.250.13,1,40
133.11.127.243,1,40
163.33.8.71,1,40
163.33.104.249,1,121
133.149.189.242,1,40
203.77.112.105,1,40
133.11.69.230,1,40
133.149.68.124,1,40
133.149.209.191,1,40
150.75.230.203,1,40
163.33.12.171,10,14504
150.75.24.121,1,40
163.33.125.177,1,40
150.75.81.249,1,40
133.149.133.107,1,40
133.149.131.91,1,40
133.149.170.50,1,40
150.75.117.91,1,40
163.33.164.11,1,40
163.33.189.128,1,40
133.149.165.0,1,40
203.77.105.220,1,40
133.149.27.246,1,40
163.33.155.227,1,40
163.33.193.123,1,44
133.11.97.98,1,40
163.33.93.95,1,40
203.77.109.42,1,52
202.204.59.61,1,44
163.33.40.38,1,40
133.11.84.3,1,40
163.33.114.194,1,44
203.77.47.107,1,40
133.11.73.131,1,40
163.33.155.64,1,40
163.33.149.39,1,40
150.75.91.239,1,40
150.75.134.170,1,40
133.149.144.138,1,40
133.11.119.60,1,40
163.33.65.184,1,40
202.25.107.227,1,40
133.149.250.92,1,44
133.11.101.25,1,48
163.33.19.173,1,160
203.77.2.4,1,28
133.11.67.107,1,44
133.149.188.234,1,40
133.149.241.107,1,44
163.33.46.48,1,44
150.75.124.12,1,40
133.149.165.35,1,40
133.149.69.9,1,40
150.75.96.62,1,40
133.149.148.231,1,40
133.149.137.232,1,40
163.33.97.238,1,40
133.149.33.73,1,40
133.149.250.202,1,52
163.33.207.10,1,40
133.11.110.76,1,40
133.149.129.178,1,40
133.11.99.236,1,40
203.77.16.112,1,40
203.77.41.205,1,40
150.75.52.152,1,40
133.11.68.249,1,40
133.149.78.220,1,40
203.77.94.142,1,40
163.33.8.252,1,40
133.149.170.74,1,40
133.149.14.113,1,40
203.77.5.32,1,40
163.33.54.93,1,44
150.75.160.186,1,40
133.149.120.157,1,40
163.33.0.55,1,40
133.149.197.107,1,44
163.33.199.31,1,52
163.33.181.1,1,40
133.149.1.115,1,40
202.198.51.186,1,40
150.75.135.237,1,40
150.75.174.215,1,40
133.149.102.23,1,44
150.75.238.29,1,40
133.149.45.45,1,40
133.149.142.233,1,40
133.149.132.234,1,40
133.149.59.238,1,40
203.77.66.191,1,40
163.33.200.216,1,40
133.149.218.112,1,40
133.149.65.176,1,40
163.33.109.41,1,40
133.149.55.173,1,40
150.75.135.201,1,40
133.149.68.9,1,40
163.33.156.121,1,40
133.149.88.212,1,40
133.149.152.150,1,40
203.77.112.252,1,40
133.11.67.159,1,44
163.33.191.240,1,40
203.77.124.210,1,40
133.149.55.5,1,40
133.149.69.180,1,40
163.33.207.112,1,40
163.33.200.42,1,40
163.33.12.58,2,92
133.149.144.202,1,40
133.149.226.63,1,40
133.149.70.118,1,44
133.149.84.147,1,40
202.198.63.124,1,33
163.33.207.101,1,40
203.77.94.223,1,40
133.149.223.142,1,40
203.77.79.216,1,40
133.149.177.0,1,40
163.33.58.162,1,40
150.75.96.197,1,40
133.11.73.75,1,40
150.75.130.47,1,40
163.33.117.150,1,40
203.77.94.227,1,40
203.77.93.206,1,40
133.11.74.82,1,40
150.75.15.135,1,44
133.149.27.166,1,40
163.33.210.219,1,52
203.77.116.196,2,158
133.11.91.108,1,52
150.75.25.16,1,40
163.33.95.110,1,44
203.77.94.152,1,40
133.11.66.122,1,40
163.33.56.200,1,60
203.77.34.255,1,40
133.149.68.171,1,40
203.77.9.140,1,40
150.75.153.248,1,40
133.11.78.222,1,40
133.149.145.149,1,40
203.77.54.96,1,40
163.33.94.236,1,111
163.33.42.171,1,40
133.149.91.162,1,40
150.75.51.61,1,40
150.75.245.194,1,40
133.149.123.128,1,40
133.149.150.250,1,40
150.75.71.154,1,40
150.75.35.133,1,40
163.33.180.244,1,64
150.75.152.44,1,40
203.77.38.70,1,40
163.33.105.99,1,44
163.33.132.213,1,44
133.149.1.239,1,40
133.149.46.26,1,40
133.149.13.156,1,40
163.33.65.230,1,40
163.33.193.137,1,40
163.33.193.10,1,40
202.204.62.224,3,156
150.75.95.40,1,40
150.75.42.5,1,40
163.33.84.225,1,40
150.75.231.110,1,44
163.33.193.199,1,40
133.149.183.171,1,40
150.75.65.206,1,40
133.149.79.212,1,40
202.198.43.65,1,44
202.198.14.107,1,40
150.75.132.219,1,40
150.75.245.140,1,40
133.149.32.165,1,40
133.149.105.91,1,40
202.198.8.74,1,125
203.77.124.222,1,40
203.77.1.248,1,40
202.198.58.36,1,40
150.75.245.102,1,40
203.77.107.187,1,40
150.75.50.133,1,40
163.33.88.83,1,40
163.33.65.229,1,40
133.149.2.178,1,40
133.149.104.150,1,52
150.75.32.223,1,127
163.33.236.68,1,40
150.75.243.44,1,44
133.149.236.73,1,44
163.33.168.57,2,136
203.77.122.210,1,60
133.149.123.125,1,40
163.33.40.223,1,40
133.149.146.213,1,40
163.33.93.199,1,115
150.75.223.117,1,40
203.77.100.142,1,40
163.33.226.15,1,60
163.33.101.189,1,40
150.75.119.29,1,44
203.77.36.159,1,40
163.33.50.134,1,40
133.149.159.140,1,121
150.75.238.126,1,40
133.149.91.193,1,44
133.11.91.105,1,68
203.77.97.193,1,40
163.33.165.46,1,40
202.198.55.231,1,40
163.33.104.94,1,44
203.77.110.0,1,44
163.33.132.107,1,44
163.33.33.19,1,44
203.77.70.200,1,40
133.149.92.157,1,44
133.11.85.32,1,40
150.75.0.45,1,60
133.149.41.96,1,52
133.149.78.193,1,40
150.75.131.32,1,40
163.33.19.35,1,40
202.198.62.26,1,40
203.77.53.50,1,40
163.33.6.187,1,40
202.204.61.100,1,40
150.75.196.132,1,40
150.75.163.18,1,40
133.149.93.229,1,40
203.77.65.244,1,40
133.149.69.2,1,40
133.149.66.134,1,44
163.33.168.92,1,103
163.33.89.107,1,40
133.149.8.85,1,40
150.75.6.124,1,40
133.149.178.234,1,40
133.11.99.143,1,40
150.75.92.210,1,40
150.75.215.242,1,40
133.149.10.24,1,40
163.33.90.99,1,44
150.75.27.194,1,40
202.25.107.168,1,40
133.149.103.193,1,40
133.11.116.115,1,40
163.33.250.184,1,40
202.198.54.61,1,40
133.149.4.239,1,44
203.77.111.205,1,40
150.75.13.88,1,48
150.75.26.39,1,40
133.149.98.124,1,40
203.77.32.149,1,40
133.149.92.70,1,52
150.75.155.80,1,40
133.149.93.42,1,40
202.198.44.188,1,60
163.33.140.194,1,356
150.75.30.141,1,40
133.149.174.132,1,121
163.33.48.14,1,40
133.149.59.118,1,40
150.75.176.161,1,40
203.77.80.227,1,40
133.149.155.52,1,40
133.149.169.82,1,40
133.149.111.64,1,40
150.75.34.134,1,40
150.75.24.31,1,44
133.149.99.187,1,40
163.33.145.107,1,40
203.77.69.180,1,40
163.33.168.71,1,40
150.75.88.52,1,40
163.33.109.42,1,40
133.149.135.184,1,40
163.33.93.163,1,52
133.149.77.72,1,40
133.149.158.33,1,44
150.75.187.184,1,40
133.149.134.169,1,40
133.11.95.197,1,44
163.33.191.92,1,40
133.149.70.25,1,44
133.11.78.96,1,40
203.77.33.130,1,40
133.149.200.236,1,40
150.75.136.255,1,40
163.33.185.44,1,40
202.198.14.92,1,52
133.149.164.155,1,40
133.11.118.1,1,40
133.149.139.100,1,40
163.33.87.150,1,40
150.75.20.43,1,40
150.75.217.178,1,40
203.77.69.149,1,40
133.149.175.122,1,40
150.75.3.197,1,40
133.149.96.200,1,40
163.33.48.39,1,44
163.33.6.219,1,52
133.149.3.0,1,40
203.77.107.58,1,40
163.33.7.154,1,40
163.33.94.24,1,40
150.75.135.30,1,40
150.75.199.241,1,40
150.75.251.137,1,40
133.149.230.133,1,44
150.75.149.161,1,40
133.149.23.115,1,40
203.77.109.77,1,40
133.149.201.59,1,40
150.75.92.188,1,40
133.149.4.5,1,40
150.75.115.187,1,40
150.75.224.30,1,40
133.149.60.202,1,40
133.149.3.82,1,40
150.75.174.64,1,40
203.77.43.35,1,40
163.33.236.166,1,74
133.149.192.30,1,40
150.75.220.128,1,40
163.33.80.31,2,135
150.75.237.78,1,40
150.75.107.148,1,40
202.204.61.229,1,40
133.149.112.89,1,40
133.149.74.161,1,40
133.149.67.250,1,40
163.33.107.202,1,40
133.149.48.85,1,40
150.75.234.16,1,40
163.33.195.184,1,40
133.149.205.127,1,40
133.149.3.186,1,40
202.198.29.193,1,40
133.149.101.212,1,40
150.75.192.92,1,40
150.75.149.140,1,44
133.11.96.127,1,40
163.33.244.233,9,4485
163.33.139.141,1,40
133.11.113.83,1,40
203.77.82.243,1,40
163.33.215.34,1,40
163.33.101.136,1,40
133.149.234.201,1,44
150.75.97.164,1,40
150.75.245.120,1,40
203.77.36.130,1,40
150.75.32.74,1,40
163.33.188.179,1,44
203.77.80.170,1,40
133.149.102.202,1,40
133.11.66.105,1,40
202.198.45.144,1,44
203.77.38.3,1,52
202.198.45.59,1,44
133.11.67.218,1,40
163.33.30.50,1,40
163.33.138.36,3,360
163.33.195.143,1,40
133.149.63.250,1,40
203.77.92.142,1,40
133.149.201.246,1,40
163.33.247.5,1,40
163.33.163.94,1,40
133.149.106.135,1,40
203.77.116.166,1,40
133.149.177.44,1,40
163.33.98.21,1,44
133.149.158.147,1,40
133.149.123.71,1,40
150.75.66.3,1,60
133.149.93.214,1,52
163.33.6.241,1,40
203.77.43.68,1,40
150.75.111.6,1,40
150.75.162.84,1,40
163.33.113.247,1,40
203.77.12.155,1,40
133.149.230.114,1,40
133.149.123.33,1,40
203.77.42.36,1,40
133.149.106.241,1,40
203.77.92.217,1,40
133.149.189.71,1,44
150.75.245.103,1,40
150.75.125.157,1,40
150.75.222.25,1,40
163.33.79.229,1,44
133.149.115.225,1,40
203.77.58.239,1,44
150.75.17.144,1,40
163.33.238.212,1,40
133.149.146.35,1,40
203.77.89.132,1,40
150.75.245.149,1,40
203.77.97.212,1,40
163.33.57.26,1,40
133.149.210.109,1,40
133.149.23.164,1,40
150.75.41.80,1,40
150.75.139.122,1,40
133.149.44.252,1,40
133.11.107.120,1,40
133.149.176.49,1,40
202.198.46.222,1,40
150.75.77.169,1,40
202.198.46.32,1,40
163.33.121.203,1,40
133.149.231.203,1,40
150.75.130.93,1,40
150.75.132.47,1,40
163.33.13.202,1,40
133.149.108.225,1,40
163.33.174.35,1,313
133.11.125.74,1,44
163.33.133.77,1,40
133.149.219.98,1,40
150.75.173.226,1,40
133.149.169.48,1,40
202.204.59.65,1,40
133.149.102.107,1,40
150.75.88.215,1,44
133.11.78.18,1,40
202.198.12.136,1,44
163.33.237.74,1,40
150.75.124.138,1,40
133.149.26.87,1,40
133.149.149.63,1,52
150.75.93.188,1,40
150.75.95.249,1,40
163.33.158.141,1,40
150.75.12.156,1,44
163.33.7.137,1,40
203.77.38.206,1,40
133.11.107.125,1,40
163.33.101.26,1,40
150.75.253.133,1,44
150.75.184.215,1,40
203.77.54.12,1,40
133.149.108.76,1,40
150.75.89.66,1,40
163.33.222.236,1,40
133.149.205.57,1,40
133.149.213.52,1,40
163.33.60.236,1,40
202.25.109.46,1,40
202.198.54.60,1,44
150.75.126.212,1,48
133.149.99.109,1,40
163.33.55.103,1,44
133.11.80.56,1,44
150.75.153.83,1,40
202.198.13.57,1,44
133.11.72.43,1,40
133.149.171.109,1,40
203.77.95.154,1,40
163.33.59.226,1,121
163.33.24.140,1,64
133.149.144.18,1,40
203.77.80.92,1,44
150.75.216.141,1,40
133.11.112.187,1,40
163.33.177.161,1,60
150.75.38.200,1,40
203.77.52.73,1,40
133.11.76.249,1,40
150.75.100.128,1,40
133.149.21.156,1,40
203.77.42.49,1,40
202.198.40.124,1,40
133.149.58.58,1,40
133.149.97.205,1,40
202.204.57.160,1,84
150.75.32.248,1,40
133.11.115.12,1,40
163.33.112.213,1,56
150.75.115.144,1,40
163.33.189.36,1,44
150.75.48.212,1,52
150.75.164.36,1,40
203.77.21.53,1,40
203.77.57.55,1,40
133.149.77.161,1,40
133.149.46.166,1,37
163.33.43.185,1,60
